         764
   0.9971944E-03   0.7485529E-04  -0.2000000E-03
   0.9157792E-03   0.6010940E-04  -0.2000000E-03
   0.9357277E-03   0.1178130E-03  -0.2000000E-03
   0.9887934E-03   0.1492906E-03  -0.2000000E-03
   0.9347629E-03   0.7399470E-05  -0.2000000E-03
   0.1000000E-02   0.0000000E+00  -0.2000000E-03
   0.6811573E-03   0.5156405E-04  -0.2000000E-03
   0.6953763E-03   0.1301873E-03  -0.2000000E-03
   0.7386881E-03   0.7546654E-04  -0.2000000E-03
   0.7341813E-03  -0.1392570E-04  -0.2000000E-03
   0.8203658E-03   0.4402716E-03  -0.2000000E-03
   0.8648245E-03   0.5020742E-03  -0.2000000E-03
   0.8995530E-03   0.4368116E-03  -0.2000000E-03
   0.7901062E-03   0.5020707E-03  -0.2000000E-03
   0.8250448E-03   0.5650673E-03  -0.2000000E-03
   0.7577552E-03   0.3897394E-03  -0.2000000E-03
   0.8476488E-03   0.3818468E-03  -0.2000000E-03
   0.9299862E-03   0.3675943E-03  -0.2000000E-03
   0.6170930E-03   0.3844608E-04  -0.2000000E-03
   0.5589840E-03   0.3415203E-04  -0.2000000E-03
   0.5639684E-03   0.9231669E-04  -0.2000000E-03
   0.6299289E-03   0.1057852E-03  -0.2000000E-03
   0.5787473E-03   0.1431369E-03  -0.2000000E-03
   0.6399222E-03   0.1826954E-03  -0.2000000E-03
   0.8681920E-03  -0.3638302E-03  -0.2000000E-03
   0.9318893E-03  -0.3627427E-03  -0.2000000E-03
   0.9016705E-03  -0.4324237E-03  -0.2000000E-03
   0.8298805E-03  -0.2915838E-03  -0.2000000E-03
   0.8491308E-03  -0.2112174E-03  -0.2000000E-03
   0.8923640E-03  -0.2966595E-03  -0.2000000E-03
   0.9568386E-03  -0.2906198E-03  -0.2000000E-03
   0.8380106E-03  -0.4331187E-03  -0.2000000E-03
   0.8672309E-03  -0.4979061E-03  -0.2000000E-03
   0.7663739E-03  -0.2242268E-03  -0.2000000E-03
   0.4997609E-03   0.1677883E-04  -0.2000000E-03
   0.5467914E-03  -0.2945478E-04  -0.2000000E-03
   0.7929106E-03   0.3048186E-04  -0.2000000E-03
   0.6693236E-03  -0.2412868E-04  -0.2000000E-03
   0.6379699E-03  -0.1038338E-03  -0.2000000E-03
   0.5991956E-03  -0.2901284E-04  -0.2000000E-03
   0.9156252E-03  -0.2382927E-03  -0.2000000E-03
   0.9756445E-03  -0.2193575E-03  -0.2000000E-03
   0.9211800E-03  -0.1731837E-03  -0.2000000E-03
   0.9894866E-03  -0.1446246E-03  -0.2000000E-03
   0.7892138E-03  -0.1417631E-03  -0.2000000E-03
   0.7116939E-03  -0.1536008E-03  -0.2000000E-03
   0.4945620E-03  -0.7929010E-03  -0.2000000E-03
   0.5660426E-03  -0.8243760E-03  -0.2000000E-03
   0.5030478E-03  -0.8642586E-03  -0.2000000E-03
   0.4294402E-03  -0.7682725E-03  -0.2000000E-03
   0.4360290E-03  -0.8349193E-03  -0.2000000E-03
   0.4373851E-03  -0.8992743E-03  -0.2000000E-03
   0.6153389E-03  -0.7096143E-03  -0.2000000E-03
   0.6825022E-03  -0.7308835E-03  -0.2000000E-03
   0.6258908E-03  -0.7799107E-03  -0.2000000E-03
   0.4053456E-03  -0.7005705E-03  -0.2000000E-03
   0.4808588E-03  -0.7078793E-03  -0.2000000E-03
   0.6719259E-03  -0.6658195E-03  -0.2000000E-03
   0.7352859E-03  -0.6777571E-03  -0.2000000E-03
   0.5553280E-03  -0.7491286E-03  -0.2000000E-03
   0.5492749E-03  -0.6800906E-03  -0.2000000E-03
   0.2948860E-05  -0.2704142E-05  -0.2000000E-03
   0.6697609E-04  -0.8017144E-06  -0.2000000E-03
   0.3712240E-04  -0.5997896E-04  -0.2000000E-03
   0.6189032E-04  -0.1120539E-03  -0.2000000E-03
   0.1092542E-03  -0.6778863E-04  -0.2000000E-03
   0.1096050E-03  -0.1519683E-03  -0.2000000E-03
   0.1282126E-03  -0.4418366E-05  -0.2000000E-03
   0.1397015E-03  -0.2058689E-03  -0.2000000E-03
   0.1696015E-03  -0.1356908E-03  -0.2000000E-03
   0.2245133E-03  -0.5172182E-04  -0.2000000E-03
   0.2030674E-03   0.1157216E-04  -0.2000000E-03
   0.2559487E-03  -0.4465711E-05  -0.2000000E-03
   0.1780829E-03  -0.6032241E-04  -0.2000000E-03
   0.4576325E-03  -0.3686566E-04  -0.2000000E-03
   0.4365563E-03   0.1876286E-04  -0.2000000E-03
   0.4190964E-03  -0.1754416E-03  -0.2000000E-03
   0.3772292E-03  -0.1105333E-03  -0.2000000E-03
   0.4505559E-03  -0.1071355E-03  -0.2000000E-03
   0.6289896E-03  -0.1911393E-03  -0.2000000E-03
   0.5626589E-03  -0.8681142E-04  -0.2000000E-03
   0.2833906E-03  -0.4382315E-03  -0.2000000E-03
   0.2436434E-03  -0.3739965E-03  -0.2000000E-03
   0.3058031E-03  -0.3664469E-03  -0.2000000E-03
   0.3228784E-03  -0.3018198E-03  -0.2000000E-03
   0.3004352E-03  -0.2408730E-03  -0.2000000E-03
   0.3639798E-03  -0.2503895E-03  -0.2000000E-03
   0.3756569E-03  -0.6442440E-03  -0.2000000E-03
   0.3520981E-03  -0.6982042E-03  -0.2000000E-03
   0.2505230E-03  -0.6421118E-03  -0.2000000E-03
   0.1854044E-03  -0.6374884E-03  -0.2000000E-03
   0.2040690E-03  -0.5793383E-03  -0.2000000E-03
   0.4904650E-04  -0.9329632E-03  -0.2000000E-03
   0.7798402E-04  -0.9969546E-03  -0.2000000E-03
   0.4465587E-05  -0.9999900E-03  -0.2000000E-03
   0.1178961E-03  -0.9289849E-03  -0.2000000E-03
   0.9384604E-04  -0.8630332E-03  -0.2000000E-03
   0.1517621E-03  -0.9884171E-03  -0.2000000E-03
   0.2043884E-03  -0.7834994E-03  -0.2000000E-03
   0.1363590E-03  -0.7859944E-03  -0.2000000E-03
   0.1652874E-03  -0.7083705E-03  -0.2000000E-03
   0.1620508E-03  -0.8553115E-03  -0.2000000E-03
   0.2338313E-03  -0.8544552E-03  -0.2000000E-03
   0.2517847E-03  -0.9139792E-03  -0.2000000E-03
   0.2978571E-03  -0.9546105E-03  -0.2000000E-03
   0.2247030E-03  -0.9744273E-03  -0.2000000E-03
   0.4396700E-03   0.8243018E-03  -0.2000000E-03
   0.4304062E-03   0.9026353E-03  -0.2000000E-03
   0.4982309E-03   0.8670444E-03  -0.2000000E-03
   0.3677877E-03   0.8598483E-03  -0.2000000E-03
   0.3906993E-03   0.7843441E-03  -0.2000000E-03
   0.3601869E-03   0.9328802E-03  -0.2000000E-03
   0.5623985E-03   0.7495451E-03  -0.2000000E-03
   0.5628296E-03   0.8265729E-03  -0.2000000E-03
   0.6214343E-03   0.7834663E-03  -0.2000000E-03
   0.3945438E-03   0.7025150E-03  -0.2000000E-03
   0.3412732E-03   0.7432445E-03  -0.2000000E-03
   0.5033689E-03   0.7868717E-03  -0.2000000E-03
   0.5101269E-03   0.7086512E-03  -0.2000000E-03
   0.2604584E-04   0.5362252E-04  -0.2000000E-03
   0.9017246E-04   0.5756571E-04  -0.2000000E-03
   0.4995250E-04   0.1107903E-03  -0.2000000E-03
   0.4855102E-03   0.7841559E-04  -0.2000000E-03
   0.5120913E-03   0.1393387E-03  -0.2000000E-03
   0.4406516E-03   0.1364408E-03  -0.2000000E-03
   0.4064591E-03   0.7727805E-04  -0.2000000E-03
   0.3713251E-03   0.1608407E-04  -0.2000000E-03
   0.6808652E-03   0.2518289E-03  -0.2000000E-03
   0.5937432E-03   0.2368839E-03  -0.2000000E-03
   0.5489189E-03   0.1899371E-03  -0.2000000E-03
   0.5148466E-03   0.2359452E-03  -0.2000000E-03
   0.4410388E-03   0.2621720E-03  -0.2000000E-03
   0.3993218E-03   0.1944376E-03  -0.2000000E-03
   0.3607322E-03   0.2512060E-03  -0.2000000E-03
   0.2466696E-03   0.3987921E-03  -0.2000000E-03
   0.1905604E-03   0.4067154E-03  -0.2000000E-03
   0.2124045E-03   0.4554169E-03  -0.2000000E-03
   0.2062984E-03   0.3510976E-03  -0.2000000E-03
   0.2737868E-03   0.3390067E-03  -0.2000000E-03
   0.2045598E-04   0.9320765E-03  -0.2000000E-03
  -0.4326222E-05   0.9999906E-03  -0.2000000E-03
   0.7049165E-04   0.9975124E-03  -0.2000000E-03
  -0.4419606E-04   0.9343185E-03  -0.2000000E-03
  -0.7647604E-04   0.9970714E-03  -0.2000000E-03
   0.3886659E-04   0.8637582E-03  -0.2000000E-03
   0.8582935E-04   0.9270051E-03  -0.2000000E-03
   0.1447361E-03   0.9894703E-03  -0.2000000E-03
   0.1831262E-03   0.5116086E-03  -0.2000000E-03
   0.2402209E-03   0.5036538E-03  -0.2000000E-03
   0.2360747E-03   0.5700410E-03  -0.2000000E-03
   0.1572926E-03   0.5805297E-03  -0.2000000E-03
   0.2666682E-03   0.6602697E-03  -0.2000000E-03
   0.2109511E-03   0.6916739E-03  -0.2000000E-03
   0.2802354E-03   0.7181672E-03  -0.2000000E-03
   0.1354213E-03   0.6503133E-03  -0.2000000E-03
   0.2181442E-03   0.6269298E-03  -0.2000000E-03
   0.2997311E-03   0.6045863E-03  -0.2000000E-03
  -0.4470617E-03  -0.8223064E-03  -0.2000000E-03
  -0.4311807E-03  -0.9022656E-03  -0.2000000E-03
  -0.4966741E-03  -0.8679371E-03  -0.2000000E-03
  -0.5115013E-03  -0.7877621E-03  -0.2000000E-03
  -0.5592230E-03  -0.8290173E-03  -0.2000000E-03
  -0.3177385E-03  -0.8850792E-03  -0.2000000E-03
  -0.2921729E-03  -0.9563655E-03  -0.2000000E-03
  -0.3633297E-03  -0.9316606E-03  -0.2000000E-03
  -0.3996558E-03  -0.7808094E-03  -0.2000000E-03
  -0.4001315E-03  -0.7119518E-03  -0.2000000E-03
  -0.3363382E-03  -0.7457907E-03  -0.2000000E-03
  -0.3296197E-03  -0.8150044E-03  -0.2000000E-03
  -0.2466990E-03  -0.8998871E-03  -0.2000000E-03
  -0.2193583E-03  -0.9756444E-03  -0.2000000E-03
  -0.3835210E-03  -0.8557301E-03  -0.2000000E-03
  -0.2715603E-04  -0.6141558E-04  -0.2000000E-03
  -0.5148079E-04  -0.1215552E-03  -0.2000000E-03
   0.8820980E-05  -0.1151098E-03  -0.2000000E-03
   0.8250069E-04  -0.2164809E-03  -0.2000000E-03
  -0.1111354E-03  -0.2284283E-03  -0.2000000E-03
  -0.6529708E-04  -0.1812362E-03  -0.2000000E-03
  -0.4223545E-04  -0.2368239E-03  -0.2000000E-03
   0.2146499E-03  -0.4394065E-03  -0.2000000E-03
   0.2503173E-03  -0.5063042E-03  -0.2000000E-03
   0.1677702E-03  -0.3774978E-03  -0.2000000E-03
   0.1567502E-03  -0.4377560E-03  -0.2000000E-03
   0.1986604E-03  -0.3214247E-03  -0.2000000E-03
   0.1213431E-03  -0.4883004E-03  -0.2000000E-03
   0.1062299E-03  -0.4172356E-03  -0.2000000E-03
  -0.9260487E-04  -0.4543131E-03  -0.2000000E-03
  -0.1197825E-03  -0.5071687E-03  -0.2000000E-03
  -0.1640048E-03  -0.4575914E-03  -0.2000000E-03
  -0.2156758E-03  -0.4964248E-03  -0.2000000E-03
  -0.1976082E-03  -0.4031639E-03  -0.2000000E-03
   0.5393998E-04  -0.4621250E-03  -0.2000000E-03
   0.1972034E-04  -0.5239437E-03  -0.2000000E-03
  -0.1827633E-04  -0.4582355E-03  -0.2000000E-03
  -0.1323273E-03  -0.4000571E-03  -0.2000000E-03
  -0.1762823E-03  -0.3446094E-03  -0.2000000E-03
  -0.7810746E-03  -0.5130100E-03  -0.2000000E-03
  -0.8233951E-03  -0.5674685E-03  -0.2000000E-03
  -0.8635686E-03  -0.5042313E-03  -0.2000000E-03
  -0.7318448E-03  -0.5889860E-03  -0.2000000E-03
  -0.7298988E-03  -0.6835552E-03  -0.2000000E-03
  -0.7786495E-03  -0.6274591E-03  -0.2000000E-03
  -0.7000484E-03  -0.5044214E-03  -0.2000000E-03
  -0.3194945E-03  -0.4598760E-03  -0.2000000E-03
  -0.2793712E-03  -0.4974654E-03  -0.2000000E-03
  -0.3307002E-03  -0.5365970E-03  -0.2000000E-03
  -0.3751550E-03  -0.4932630E-03  -0.2000000E-03
  -0.3974907E-03  -0.6389365E-03  -0.2000000E-03
  -0.4458976E-03  -0.6685711E-03  -0.2000000E-03
  -0.4512717E-03  -0.6045272E-03  -0.2000000E-03
  -0.3940012E-03  -0.5665691E-03  -0.2000000E-03
  -0.4480660E-03  -0.5284983E-03  -0.2000000E-03
  -0.3371599E-03  -0.6041342E-03  -0.2000000E-03
  -0.6440085E-03  -0.5708715E-03  -0.2000000E-03
  -0.6158552E-03  -0.4904623E-03  -0.2000000E-03
  -0.5681592E-03  -0.5375641E-03  -0.2000000E-03
  -0.5780704E-03  -0.6305153E-03  -0.2000000E-03
  -0.6658388E-03  -0.6561167E-03  -0.2000000E-03
  -0.6768009E-03  -0.7361661E-03  -0.2000000E-03
  -0.6070805E-03  -0.7120083E-03  -0.2000000E-03
  -0.6197533E-03  -0.7847967E-03  -0.2000000E-03
  -0.4954687E-03   0.7921500E-03  -0.2000000E-03
  -0.5659715E-03   0.8244248E-03  -0.2000000E-03
  -0.5029676E-03   0.8643053E-03  -0.2000000E-03
  -0.5639622E-03   0.7432918E-03  -0.2000000E-03
  -0.4858695E-03   0.7264406E-03  -0.2000000E-03
  -0.6258287E-03   0.7799605E-03  -0.2000000E-03
  -0.3593305E-03   0.8646907E-03  -0.2000000E-03
  -0.4373935E-03   0.8992702E-03  -0.2000000E-03
  -0.3690499E-03   0.9294096E-03  -0.2000000E-03
  -0.4111074E-03   0.6975145E-03  -0.2000000E-03
  -0.4659710E-03   0.6613391E-03  -0.2000000E-03
  -0.4273882E-03   0.8297612E-03  -0.2000000E-03
  -0.3951580E-04   0.5054212E-04  -0.2000000E-03
  -0.1528015E-04   0.1073308E-03  -0.2000000E-03
  -0.8564233E-04   0.1047591E-03  -0.2000000E-03
  -0.5859160E-04  -0.7712033E-05  -0.2000000E-03
   0.1205746E-03   0.1999336E-03  -0.2000000E-03
   0.6938553E-04   0.1626595E-03  -0.2000000E-03
   0.4735218E-04   0.2190339E-03  -0.2000000E-03
  -0.8872633E-04   0.2218380E-03  -0.2000000E-03
  -0.1206175E-03   0.1593176E-03  -0.2000000E-03
  -0.1452798E-03   0.2170537E-03  -0.2000000E-03
   0.1435773E-03   0.4493254E-03  -0.2000000E-03
   0.8820386E-04   0.4280331E-03  -0.2000000E-03
   0.1447691E-03   0.3814150E-03  -0.2000000E-03
   0.1159239E-03   0.5051218E-03  -0.2000000E-03
   0.7584053E-04   0.7181490E-03  -0.2000000E-03
   0.4646158E-04   0.6299268E-03  -0.2000000E-03
   0.8616781E-04   0.5714828E-03  -0.2000000E-03
   0.5388563E-05   0.5565450E-03  -0.2000000E-03
  -0.2010088E-03   0.3731287E-03  -0.2000000E-03
  -0.2126739E-03   0.4361303E-03  -0.2000000E-03
  -0.1528265E-03   0.4283709E-03  -0.2000000E-03
  -0.1962453E-03   0.3055186E-03  -0.2000000E-03
  -0.2637629E-03   0.3405854E-03  -0.2000000E-03
  -0.8063096E-03   0.4726820E-03  -0.2000000E-03
  -0.8676408E-03   0.4971915E-03  -0.2000000E-03
  -0.8283511E-03   0.5602093E-03  -0.2000000E-03
  -0.7464809E-03   0.4490817E-03  -0.2000000E-03
  -0.7932140E-03   0.3828677E-03  -0.2000000E-03
  -0.7529911E-03   0.5384046E-03  -0.2000000E-03
  -0.7844931E-03   0.6201376E-03  -0.2000000E-03
  -0.3781020E-03   0.4937869E-03  -0.2000000E-03
  -0.3197910E-03   0.4578438E-03  -0.2000000E-03
  -0.3718173E-03   0.4208707E-03  -0.2000000E-03
  -0.4266435E-03   0.4438906E-03  -0.2000000E-03
  -0.5046443E-03   0.6122897E-03  -0.2000000E-03
  -0.4502867E-03   0.5912287E-03  -0.2000000E-03
  -0.5048472E-03   0.5526176E-03  -0.2000000E-03
  -0.5026083E-03   0.4693008E-03  -0.2000000E-03
  -0.4408193E-03   0.5196747E-03  -0.2000000E-03
  -0.3766372E-03   0.5718192E-03  -0.2000000E-03
  -0.6682504E-03   0.4487474E-03  -0.2000000E-03
  -0.7086142E-03   0.3876084E-03  -0.2000000E-03
  -0.8612281E-03   0.4136476E-03  -0.2000000E-03
  -0.8721389E-03   0.3357730E-03  -0.2000000E-03
  -0.9016533E-03   0.4324595E-03  -0.2000000E-03
  -0.9318773E-03   0.3627735E-03  -0.2000000E-03
   0.9237228E-03   0.1860675E-03  -0.2000000E-03
   0.9745547E-03   0.2241497E-03  -0.2000000E-03
   0.9499624E-03  -0.4439826E-04  -0.2000000E-03
   0.9973682E-03  -0.7250311E-04  -0.2000000E-03
   0.7627657E-03   0.5613516E-03  -0.2000000E-03
   0.7801565E-03   0.6255843E-03  -0.2000000E-03
   0.7537598E-03   0.4568832E-03  -0.2000000E-03
   0.8808288E-03   0.3222604E-03  -0.2000000E-03
   0.9549676E-03   0.2967100E-03  -0.2000000E-03
   0.7970698E-03   0.3352499E-03  -0.2000000E-03
   0.7248477E-03   0.2104215E-03  -0.2000000E-03
   0.8267426E-03   0.6276566E-04  -0.2000000E-03
   0.8760369E-03   0.9858490E-04  -0.2000000E-03
   0.8145083E-03  -0.3672424E-03  -0.2000000E-03
   0.7984063E-03  -0.4992046E-03  -0.2000000E-03
   0.8278116E-03  -0.5610061E-03  -0.2000000E-03
   0.5051964E-03  -0.7246957E-04  -0.2000000E-03
   0.8618003E-03   0.8376555E-05  -0.2000000E-03
   0.8165821E-03  -0.5618326E-04  -0.2000000E-03
   0.9336570E-03  -0.1025739E-03  -0.2000000E-03
   0.7264941E-03  -0.8223923E-04  -0.2000000E-03
   0.2784719E-03  -0.5370009E-04  -0.2000000E-03
   0.3094272E-03   0.1157141E-04  -0.2000000E-03
   0.3986500E-03  -0.3911373E-04  -0.2000000E-03
   0.3389264E-03  -0.4724538E-04  -0.2000000E-03
   0.3841528E-03  -0.8701032E-03  -0.2000000E-03
   0.3692602E-03  -0.9293260E-03  -0.2000000E-03
   0.7192940E-03  -0.6199830E-03  -0.2000000E-03
   0.7838100E-03  -0.6210007E-03  -0.2000000E-03
   0.6080555E-03  -0.6498025E-03  -0.2000000E-03
   0.3136562E-03  -0.6380577E-03  -0.2000000E-03
   0.3641795E-03  -0.5796631E-03  -0.2000000E-03
   0.2996231E-03  -0.7062690E-03  -0.2000000E-03
   0.4347957E-03  -0.6275814E-03  -0.2000000E-03
   0.2679379E-03  -0.3094282E-03  -0.2000000E-03
   0.1710731E-03  -0.2655983E-03  -0.2000000E-03
   0.2361210E-03  -0.2520669E-03  -0.2000000E-03
   0.6953899E-03  -0.2042168E-03  -0.2000000E-03
   0.5632194E-03  -0.1578297E-03  -0.2000000E-03
   0.4838229E-03  -0.1893004E-03  -0.2000000E-03
   0.5130907E-03  -0.1227093E-03  -0.2000000E-03
   0.3738461E-03  -0.3415143E-03  -0.2000000E-03
   0.4422121E-03  -0.3440245E-03  -0.2000000E-03
   0.4070268E-03  -0.4183797E-03  -0.2000000E-03
   0.1860275E-03  -0.5026533E-03  -0.2000000E-03
   0.1420600E-03  -0.5486204E-03  -0.2000000E-03
  -0.1701304E-03  -0.5401503E-03  -0.2000000E-03
   0.8369858E-04  -0.5394018E-03  -0.2000000E-03
  -0.5571681E-04  -0.5158856E-03  -0.2000000E-03
  -0.1951099E-05  -0.5716928E-03  -0.2000000E-03
   0.1223377E-03  -0.6256487E-03  -0.2000000E-03
   0.2857456E-03  -0.7862653E-03  -0.2000000E-03
   0.3592239E-03  -0.7572414E-03  -0.2000000E-03
   0.2867076E-03  -0.5727591E-03  -0.2000000E-03
   0.3228932E-03  -0.5073778E-03  -0.2000000E-03
  -0.2450573E-04  -0.9349247E-03  -0.2000000E-03
  -0.7027628E-04  -0.9975276E-03  -0.2000000E-03
   0.6239871E-04  -0.8001559E-03  -0.2000000E-03
   0.9425756E-04  -0.7229157E-03  -0.2000000E-03
   0.3210579E-04  -0.7447858E-03  -0.2000000E-03
   0.4705677E-04  -0.6725389E-03  -0.2000000E-03
   0.2297348E-03  -0.7153426E-03  -0.2000000E-03
   0.1859837E-03  -0.9159020E-03  -0.2000000E-03
   0.4469575E-03   0.7451149E-03  -0.2000000E-03
   0.3125273E-03   0.9047558E-03  -0.2000000E-03
   0.2902214E-03   0.9569595E-03  -0.2000000E-03
   0.6200734E-03   0.7180585E-03  -0.2000000E-03
   0.6767499E-03   0.7362130E-03  -0.2000000E-03
   0.3301047E-03   0.6749271E-03  -0.2000000E-03
   0.1515984E-03   0.6590199E-04  -0.2000000E-03
   0.1739339E-03   0.1327244E-03  -0.2000000E-03
   0.2112127E-03   0.6952792E-04  -0.2000000E-03
   0.2364634E-03   0.1299676E-03  -0.2000000E-03
   0.2081580E-03   0.2054442E-03  -0.2000000E-03
   0.2618232E-03   0.1833688E-03  -0.2000000E-03
   0.1182493E-03   0.1202996E-03  -0.2000000E-03
   0.3298898E-03   0.1912518E-03  -0.2000000E-03
   0.6528227E-03   0.2913226E-03  -0.2000000E-03
   0.7163627E-03   0.3136676E-03  -0.2000000E-03
   0.4715471E-03   0.1950536E-03  -0.2000000E-03
   0.3185217E-03   0.3852030E-03  -0.2000000E-03
   0.3077459E-03   0.3042366E-03  -0.2000000E-03
   0.3382091E-03   0.4697320E-03  -0.2000000E-03
   0.4008024E-03   0.4101401E-03  -0.2000000E-03
   0.2850912E-03   0.2410517E-03  -0.2000000E-03
  -0.1218870E-03   0.9281181E-03  -0.2000000E-03
  -0.1495662E-03   0.9887517E-03  -0.2000000E-03
   0.1485469E-03   0.9146361E-03  -0.2000000E-03
   0.2181734E-03   0.9759100E-03  -0.2000000E-03
   0.9146037E-04   0.8626235E-03  -0.2000000E-03
   0.5737279E-04   0.7955247E-03  -0.2000000E-03
  -0.2551250E-04   0.8660073E-03  -0.2000000E-03
   0.1521719E-03   0.7347679E-03  -0.2000000E-03
   0.3273921E-03   0.8103167E-03  -0.2000000E-03
  -0.5620621E-03  -0.7625098E-03  -0.2000000E-03
  -0.2737737E-03  -0.8415208E-03  -0.2000000E-03
  -0.1736144E-03  -0.9126626E-03  -0.2000000E-03
  -0.1452301E-03  -0.9893979E-03  -0.2000000E-03
  -0.3407611E-03  -0.6769204E-03  -0.2000000E-03
   0.4448665E-04  -0.1658534E-03  -0.2000000E-03
   0.1857290E-04  -0.2253893E-03  -0.2000000E-03
   0.4680078E-04  -0.2640096E-03  -0.2000000E-03
  -0.1036118E-04  -0.2885129E-03  -0.2000000E-03
   0.4235266E-04  -0.3170930E-03  -0.2000000E-03
  -0.1452213E-04  -0.1743280E-03  -0.2000000E-03
  -0.5952507E-03  -0.4094290E-03  -0.2000000E-03
  -0.5526210E-03  -0.4578882E-03  -0.2000000E-03
   0.1166994E-03  -0.3378806E-03  -0.2000000E-03
   0.3036660E-04  -0.3901598E-03  -0.2000000E-03
  -0.8238457E-03  -0.4547136E-03  -0.2000000E-03
  -0.8988951E-03  -0.4381640E-03  -0.2000000E-03
  -0.2596048E-03  -0.4328897E-03  -0.2000000E-03
  -0.5119410E-03  -0.6494108E-03  -0.2000000E-03
  -0.4642764E-03  -0.7326179E-03  -0.2000000E-03
  -0.5097053E-03  -0.5750649E-03  -0.2000000E-03
  -0.5007233E-03  -0.4998736E-03  -0.2000000E-03
  -0.4189456E-03   0.7605580E-03  -0.2000000E-03
  -0.6267119E-03   0.7127807E-03  -0.2000000E-03
  -0.6838844E-03   0.7295904E-03  -0.2000000E-03
  -0.2842764E-03   0.8993997E-03  -0.2000000E-03
  -0.2986472E-03   0.9543636E-03  -0.2000000E-03
  -0.2247653E-03   0.9744129E-03  -0.2000000E-03
  -0.4086803E-03   0.6299516E-03  -0.2000000E-03
   0.1079908E-04   0.1632402E-03  -0.2000000E-03
  -0.2159765E-04   0.2198151E-03  -0.2000000E-03
   0.1130819E-04   0.2640664E-03  -0.2000000E-03
  -0.4647532E-04   0.2774916E-03  -0.2000000E-03
   0.8257843E-05   0.3327598E-03  -0.2000000E-03
  -0.5351081E-04   0.1627168E-03  -0.2000000E-03
   0.8031390E-04   0.3368366E-03  -0.2000000E-03
   0.5199837E-05   0.4063655E-03  -0.2000000E-03
   0.1596609E-03   0.3164818E-03  -0.2000000E-03
   0.1441185E-03   0.2698234E-03  -0.2000000E-03
   0.4014478E-04   0.4904252E-03  -0.2000000E-03
  -0.2982250E-04   0.4810889E-03  -0.2000000E-03
  -0.7438619E-04   0.5539636E-03  -0.2000000E-03
  -0.1893408E-03   0.4867599E-03  -0.2000000E-03
  -0.2388241E-03   0.5414124E-03  -0.2000000E-03
  -0.1617648E-03   0.5507036E-03  -0.2000000E-03
  -0.1337622E-03   0.3561830E-03  -0.2000000E-03
  -0.8150744E-04   0.4177826E-03  -0.2000000E-03
  -0.6236426E-04   0.3453771E-03  -0.2000000E-03
  -0.7192032E-03   0.6089349E-03  -0.2000000E-03
  -0.7355370E-03   0.6774846E-03  -0.2000000E-03
  -0.7053158E-03   0.4999141E-03  -0.2000000E-03
  -0.5660506E-03   0.5271082E-03  -0.2000000E-03
  -0.5762271E-03   0.4645391E-03  -0.2000000E-03
  -0.2631472E-03   0.4110616E-03  -0.2000000E-03
  -0.3308466E-03   0.3693837E-03  -0.2000000E-03
  -0.5307202E-03   0.6671831E-03  -0.2000000E-03
  -0.9090470E-03   0.2536462E-03  -0.2000000E-03
  -0.9757493E-03   0.2188910E-03  -0.2000000E-03
  -0.9564499E-03   0.2918964E-03  -0.2000000E-03
  -0.6161467E-03   0.4148555E-03  -0.2000000E-03
   0.7125181E-03   0.6042997E-03  -0.2000000E-03
   0.7308391E-03   0.6825497E-03  -0.2000000E-03
   0.9041434E-03   0.2520286E-03  -0.2000000E-03
   0.7574930E-03   0.2759823E-03  -0.2000000E-03
   0.7560905E-03   0.1600506E-03  -0.2000000E-03
   0.7755983E-03  -0.2980580E-03  -0.2000000E-03
   0.8635359E-03  -0.1230359E-03  -0.2000000E-03
   0.2339747E-03  -0.1131143E-03  -0.2000000E-03
   0.2741293E-03  -0.1821740E-03  -0.2000000E-03
   0.3125115E-03  -0.8719721E-03  -0.2000000E-03
   0.7474837E-03  -0.5638968E-03  -0.2000000E-03
   0.2041002E-03  -0.1924188E-03  -0.2000000E-03
   0.3887983E-03  -0.4989157E-03  -0.2000000E-03
   0.3467346E-03  -0.4318540E-03  -0.2000000E-03
   0.4200102E-03  -0.2637125E-03  -0.2000000E-03
   0.4810612E-03  -0.2759357E-03  -0.2000000E-03
   0.5397315E-03  -0.2197015E-03  -0.2000000E-03
   0.4795013E-03  -0.4083717E-03  -0.2000000E-03
  -0.2777402E-03  -0.5640373E-03  -0.2000000E-03
  -0.1164557E-03  -0.5679032E-03  -0.2000000E-03
   0.5662770E-04  -0.5963217E-03  -0.2000000E-03
  -0.1054899E-04  -0.6372764E-03  -0.2000000E-03
   0.2583728E-04  -0.8737098E-03  -0.2000000E-03
   0.2465430E-03   0.9180563E-03  -0.2000000E-03
   0.2642636E-03   0.5994979E-04  -0.2000000E-03
   0.3689509E-03   0.1338578E-03  -0.2000000E-03
   0.2910531E-03   0.5258894E-03  -0.2000000E-03
   0.2784459E-03   0.4553129E-03  -0.2000000E-03
   0.5214685E-03   0.2947409E-03  -0.2000000E-03
   0.3785482E-03   0.3254083E-03  -0.2000000E-03
   0.4424484E-03   0.3394920E-03  -0.2000000E-03
   0.4049152E-03   0.4986515E-03  -0.2000000E-03
   0.5209492E-03   0.6388796E-03  -0.2000000E-03
   0.4502604E-03   0.6589467E-03  -0.2000000E-03
   0.3741760E-03   0.6270953E-03  -0.2000000E-03
   0.4183490E-03   0.5749264E-03  -0.2000000E-03
   0.2264085E-03   0.2895917E-03  -0.2000000E-03
  -0.9239495E-04   0.8687558E-03  -0.2000000E-03
   0.1200786E-03   0.7962215E-03  -0.2000000E-03
   0.2172365E-03   0.7559534E-03  -0.2000000E-03
  -0.2722595E-03  -0.7801319E-03  -0.2000000E-03
  -0.5359489E-04  -0.8743415E-03  -0.2000000E-03
  -0.1249595E-03  -0.8524059E-03  -0.2000000E-03
  -0.8278379E-04  -0.8069873E-03  -0.2000000E-03
   0.1009389E-03  -0.2725719E-03  -0.2000000E-03
  -0.7550258E-04  -0.2843850E-03  -0.2000000E-03
  -0.1538147E-03  -0.2712290E-03  -0.2000000E-03
  -0.9429526E-03  -0.7044808E-04  -0.2000000E-03
  -0.9971019E-03  -0.7607793E-04  -0.2000000E-03
  -0.9999973E-03  -0.2302237E-05  -0.2000000E-03
  -0.9887336E-03  -0.1496859E-03  -0.2000000E-03
  -0.9310705E-03  -0.1494049E-03  -0.2000000E-03
  -0.9154572E-03  -0.2220764E-03  -0.2000000E-03
  -0.9543313E-03  -0.2987503E-03  -0.2000000E-03
  -0.9744284E-03  -0.2246980E-03  -0.2000000E-03
  -0.1624117E-03  -0.1927389E-03  -0.2000000E-03
  -0.2233498E-03  -0.2886276E-03  -0.2000000E-03
  -0.4696031E-03  -0.2429476E-03  -0.2000000E-03
  -0.5472456E-03  -0.2565128E-03  -0.2000000E-03
  -0.5310295E-03  -0.1789375E-03  -0.2000000E-03
  -0.4653126E-03  -0.1653541E-03  -0.2000000E-03
  -0.3694177E-03  -0.4152166E-03  -0.2000000E-03
  -0.3028351E-03  -0.3838021E-03  -0.2000000E-03
  -0.3579564E-03  -0.3404782E-03  -0.2000000E-03
  -0.1928081E-03   0.1793172E-03  -0.2000000E-03
  -0.1978430E-03   0.2439686E-03  -0.2000000E-03
  -0.1671804E-03   0.1140395E-03  -0.2000000E-03
  -0.5153574E-03  -0.1157168E-03  -0.2000000E-03
  -0.4674180E-03  -0.8140395E-04  -0.2000000E-03
  -0.3495662E-03  -0.1824645E-03  -0.2000000E-03
  -0.3559350E-03  -0.9717067E-04  -0.2000000E-03
  -0.2887627E-03  -0.1612162E-03  -0.2000000E-03
  -0.4090351E-03  -0.1285227E-03  -0.2000000E-03
  -0.4070957E-03  -0.3221551E-04  -0.2000000E-03
  -0.3921697E-03   0.1247335E-03  -0.2000000E-03
  -0.3158588E-03   0.9905786E-04  -0.2000000E-03
  -0.3636002E-03   0.4420578E-04  -0.2000000E-03
  -0.3212898E-03   0.1711623E-03  -0.2000000E-03
  -0.3838535E-03   0.2137621E-03  -0.2000000E-03
  -0.2518937E-03   0.1396255E-03  -0.2000000E-03
  -0.3245982E-03   0.3108524E-03  -0.2000000E-03
  -0.6717824E-03  -0.4278748E-03  -0.2000000E-03
  -0.6122421E-03  -0.1867478E-03  -0.2000000E-03
  -0.5805177E-04  -0.3973469E-03  -0.2000000E-03
  -0.8659047E-03  -0.3922540E-03  -0.2000000E-03
  -0.9286674E-03  -0.3709135E-03  -0.2000000E-03
  -0.5391553E-03  -0.7124707E-03  -0.2000000E-03
  -0.2099538E-03   0.9096232E-03  -0.2000000E-03
   0.6865419E-04   0.2704090E-03  -0.2000000E-03
  -0.1243852E-03   0.2810615E-03  -0.2000000E-03
  -0.4062734E-05   0.7982951E-03  -0.2000000E-03
  -0.3106377E-03   0.5229031E-03  -0.2000000E-03
  -0.2557358E-03   0.4760185E-03  -0.2000000E-03
  -0.3623411E-04   0.6123825E-03  -0.2000000E-03
  -0.1149414E-03   0.4864449E-03  -0.2000000E-03
  -0.3448138E-03   0.7217738E-03  -0.2000000E-03
  -0.2181618E-03   0.6110509E-03  -0.2000000E-03
  -0.3518701E-03   0.6483298E-03  -0.2000000E-03
  -0.2743748E-03   0.6731330E-03  -0.2000000E-03
  -0.6757307E-03   0.6703053E-03  -0.2000000E-03
  -0.6353949E-03   0.5113114E-03  -0.2000000E-03
  -0.5626556E-03   0.6022068E-03  -0.2000000E-03
  -0.9130646E-03   0.1921892E-03  -0.2000000E-03
  -0.5755285E-03  -0.1121813E-03  -0.2000000E-03
  -0.6513973E-03  -0.9995393E-04  -0.2000000E-03
  -0.6844778E-03  -0.2260976E-04  -0.2000000E-03
  -0.6058445E-03  -0.4096601E-04  -0.2000000E-03
  -0.5340770E-03  -0.5649932E-04  -0.2000000E-03
  -0.6313248E-03   0.2857060E-04  -0.2000000E-03
  -0.7317918E-03  -0.8346792E-04  -0.2000000E-03
  -0.6974385E-03  -0.1545769E-03  -0.2000000E-03
  -0.6481399E-03   0.8561397E-04  -0.2000000E-03
  -0.7012162E-03   0.5255404E-04  -0.2000000E-03
  -0.4348068E-03   0.5766884E-04  -0.2000000E-03
  -0.5795782E-03   0.7850680E-04  -0.2000000E-03
  -0.5525278E-03   0.1363231E-03  -0.2000000E-03
  -0.5048949E-03   0.7258871E-04  -0.2000000E-03
  -0.5567023E-03   0.1428177E-04  -0.2000000E-03
  -0.7509369E-03   0.3254702E-03  -0.2000000E-03
  -0.8078826E-03   0.2961829E-03  -0.2000000E-03
   0.6624075E-03   0.6520966E-03  -0.2000000E-03
   0.6840938E-03   0.3649458E-03  -0.2000000E-03
   0.8799013E-03   0.1599425E-03  -0.2000000E-03
   0.8316331E-03   0.2695735E-03  -0.2000000E-03
   0.7133929E-03  -0.2694744E-03  -0.2000000E-03
   0.8840242E-03  -0.5431381E-04  -0.2000000E-03
   0.3476124E-03  -0.1789761E-03  -0.2000000E-03
   0.3083906E-03  -0.1142905E-03  -0.2000000E-03
   0.3678505E-03  -0.8147956E-03  -0.2000000E-03
   0.5941729E-03  -0.2519328E-03  -0.2000000E-03
   0.5488631E-03  -0.6321522E-03  -0.2000000E-03
   0.6715010E-03  -0.6064930E-03  -0.2000000E-03
   0.6097560E-03  -0.5912727E-03  -0.2000000E-03
   0.6724906E-03  -0.5481832E-03  -0.2000000E-03
   0.7337968E-03  -0.5031585E-03  -0.2000000E-03
   0.6061364E-03  -0.5322654E-03  -0.2000000E-03
   0.5068522E-03  -0.3450091E-03  -0.2000000E-03
   0.4637266E-03  -0.4923243E-03  -0.2000000E-03
   0.5400649E-03  -0.5148968E-03  -0.2000000E-03
   0.4935225E-03  -0.5761779E-03  -0.2000000E-03
   0.5507691E-03  -0.5726123E-03  -0.2000000E-03
   0.4282292E-03  -0.5638955E-03  -0.2000000E-03
  -0.2822660E-03  -0.6417450E-03  -0.2000000E-03
  -0.6361196E-04  -0.5998818E-03  -0.2000000E-03
   0.2857006E-03   0.8563733E-03  -0.2000000E-03
   0.3379940E-03   0.7494764E-04  -0.2000000E-03
   0.2993894E-03   0.1287907E-03  -0.2000000E-03
   0.3538588E-03   0.5494041E-03  -0.2000000E-03
   0.5842604E-03   0.2942045E-03  -0.2000000E-03
   0.4620116E-03   0.3954728E-03  -0.2000000E-03
   0.5786955E-03   0.6790417E-03  -0.2000000E-03
   0.4745966E-03   0.5889861E-03  -0.2000000E-03
   0.6538561E-03   0.5684427E-03  -0.2000000E-03
   0.1484515E-03   0.8522569E-03  -0.2000000E-03
   0.2804525E-03   0.7708117E-03  -0.2000000E-03
  -0.3460672E-04  -0.7607709E-03  -0.2000000E-03
  -0.2029732E-04  -0.7060378E-03  -0.2000000E-03
  -0.8440602E-05  -0.8101252E-03  -0.2000000E-03
  -0.1025126E-03  -0.9310163E-03  -0.2000000E-03
  -0.2776295E-03  -0.7092963E-03  -0.2000000E-03
  -0.2135261E-03  -0.7416236E-03  -0.2000000E-03
  -0.2206259E-03  -0.6695661E-03  -0.2000000E-03
  -0.1341571E-03  -0.7618004E-03  -0.2000000E-03
  -0.2026668E-03  -0.8275183E-03  -0.2000000E-03
  -0.8967177E-03  -0.3151396E-03  -0.2000000E-03
  -0.1071638E-03  -0.1452556E-03  -0.2000000E-03
  -0.4347677E-03  -0.4584705E-03  -0.2000000E-03
  -0.5682099E-03  -0.3344946E-03  -0.2000000E-03
  -0.4786192E-03  -0.3168835E-03  -0.2000000E-03
  -0.5195704E-03  -0.3851549E-03  -0.2000000E-03
  -0.2869286E-03  -0.2365297E-03  -0.2000000E-03
  -0.3475681E-03  -0.2626088E-03  -0.2000000E-03
  -0.2224471E-03  -0.2180080E-03  -0.2000000E-03
  -0.4141198E-03  -0.2923639E-03  -0.2000000E-03
  -0.4092008E-03  -0.2123769E-03  -0.2000000E-03
  -0.2426439E-03  -0.3566058E-03  -0.2000000E-03
  -0.1066119E-03   0.5070253E-04  -0.2000000E-03
  -0.3400261E-03  -0.2018208E-04  -0.2000000E-03
  -0.2364314E-03   0.8266053E-04  -0.2000000E-03
  -0.2188656E-03  -0.1611461E-03  -0.2000000E-03
  -0.4721665E-03   0.1316554E-03  -0.2000000E-03
  -0.6156200E-03   0.1353864E-03  -0.2000000E-03
  -0.6028345E-03   0.1930834E-03  -0.2000000E-03
  -0.6786101E-03   0.1836543E-03  -0.2000000E-03
  -0.4512908E-03   0.1992884E-03  -0.2000000E-03
  -0.2590441E-03   0.2083624E-03  -0.2000000E-03
  -0.4630558E-03   0.3879352E-03  -0.2000000E-03
  -0.4027828E-03   0.3728568E-03  -0.2000000E-03
  -0.3222278E-03   0.2458422E-03  -0.2000000E-03
  -0.7564118E-03  -0.4336047E-03  -0.2000000E-03
  -0.1052238E-03  -0.3407111E-03  -0.2000000E-03
  -0.3024491E-04  -0.3406048E-03  -0.2000000E-03
  -0.2948222E-03   0.5957730E-03  -0.2000000E-03
  -0.1756814E-05   0.6849214E-03  -0.2000000E-03
  -0.3490779E-03   0.7957532E-03  -0.2000000E-03
  -0.1345705E-03   0.6201870E-03  -0.2000000E-03
  -0.6012186E-03   0.6575303E-03  -0.2000000E-03
  -0.6807841E-03   0.5578726E-03  -0.2000000E-03
  -0.8149324E-03  -0.8813000E-04  -0.2000000E-03
  -0.7596370E-03  -0.1411923E-03  -0.2000000E-03
  -0.9294681E-03   0.7314720E-04  -0.2000000E-03
  -0.9974416E-03   0.7148600E-04  -0.2000000E-03
  -0.9894847E-03   0.1446374E-03  -0.2000000E-03
  -0.7828674E-03   0.5655380E-05  -0.2000000E-03
  -0.8685415E-03   0.2083267E-06  -0.2000000E-03
  -0.8933743E-03  -0.7547129E-04  -0.2000000E-03
  -0.4836114E-03  -0.3009711E-05  -0.2000000E-03
  -0.8545256E-03   0.2726011E-03  -0.2000000E-03
  -0.6472459E-03   0.3694405E-03  -0.2000000E-03
  -0.6912196E-03   0.3034139E-03  -0.2000000E-03
  -0.6935647E-03   0.1213113E-03  -0.2000000E-03
  -0.7660483E-03   0.9708809E-04  -0.2000000E-03
   0.8300261E-03   0.1294415E-03  -0.2000000E-03
   0.8179832E-03   0.1815043E-03  -0.2000000E-03
   0.7795459E-03   0.1079198E-03  -0.2000000E-03
   0.7754593E-03  -0.4372032E-03  -0.2000000E-03
   0.6666922E-03  -0.4916293E-03  -0.2000000E-03
   0.5427839E-03  -0.2910989E-03  -0.2000000E-03
   0.4882089E-03  -0.6297827E-03  -0.2000000E-03
   0.6128878E-03   0.3515741E-03  -0.2000000E-03
   0.4961688E-03   0.3583091E-03  -0.2000000E-03
   0.4534554E-03   0.5276241E-03  -0.2000000E-03
   0.7155162E-03   0.5182595E-03  -0.2000000E-03
   0.5962176E-03   0.6070192E-03  -0.2000000E-03
  -0.2043152E-03   0.6846162E-03  -0.2000000E-03
  -0.1587351E-03   0.8701879E-03  -0.2000000E-03
  -0.1385093E-03   0.8075827E-03  -0.2000000E-03
  -0.2066069E-03   0.8237371E-03  -0.2000000E-03
  -0.7174384E-04   0.7988394E-03  -0.2000000E-03
   0.2025828E-03   0.8801546E-03  -0.2000000E-03
   0.1795888E-03   0.8076491E-03  -0.2000000E-03
  -0.2234230E-03  -0.5879360E-03  -0.2000000E-03
  -0.1740998E-03  -0.6156923E-03  -0.2000000E-03
  -0.7329945E-04  -0.7424614E-03  -0.2000000E-03
  -0.8594864E-03  -0.2440052E-03  -0.2000000E-03
  -0.8714770E-03  -0.1540496E-03  -0.2000000E-03
  -0.8073241E-03  -0.1792416E-03  -0.2000000E-03
  -0.6450832E-03  -0.3598481E-03  -0.2000000E-03
  -0.7448443E-03  -0.2023303E-03  -0.2000000E-03
  -0.6817563E-03  -0.2314570E-03  -0.2000000E-03
  -0.9639453E-04  -0.7769527E-04  -0.2000000E-03
  -0.4281349E-03  -0.3780662E-03  -0.2000000E-03
  -0.4871635E-03  -0.4358907E-03  -0.2000000E-03
  -0.2898778E-03  -0.3062533E-03  -0.2000000E-03
  -0.2861317E-03  -0.7484224E-04  -0.2000000E-03
  -0.1755574E-03   0.4172261E-04  -0.2000000E-03
  -0.2915472E-03   0.3610101E-04  -0.2000000E-03
  -0.7073298E-03   0.2335531E-03  -0.2000000E-03
  -0.6518518E-03   0.2484481E-03  -0.2000000E-03
  -0.4311777E-03   0.2583985E-03  -0.2000000E-03
  -0.3778500E-03   0.2973465E-03  -0.2000000E-03
  -0.5420777E-03   0.4046365E-03  -0.2000000E-03
  -0.2667311E-03   0.2735674E-03  -0.2000000E-03
  -0.6913736E-03  -0.3042720E-03  -0.2000000E-03
  -0.7189869E-03  -0.3670269E-03  -0.2000000E-03
  -0.8141384E-03  -0.4000051E-03  -0.2000000E-03
   0.2113438E-04   0.7353674E-03  -0.2000000E-03
  -0.1461280E-03   0.6895256E-03  -0.2000000E-03
  -0.1884534E-03   0.7572935E-03  -0.2000000E-03
  -0.6585356E-03   0.6128661E-03  -0.2000000E-03
  -0.9345111E-03   0.1343839E-03  -0.2000000E-03
  -0.9379381E-03   0.2718794E-06  -0.2000000E-03
  -0.8701447E-03   0.2098241E-03  -0.2000000E-03
  -0.8526684E-03   0.8577679E-04  -0.2000000E-03
  -0.7512408E-03   0.1737826E-03  -0.2000000E-03
   0.7911621E-03   0.2184100E-03  -0.2000000E-03
   0.8580910E-03   0.2112544E-03  -0.2000000E-03
   0.7541212E-03  -0.3778482E-03  -0.2000000E-03
   0.5299799E-03  -0.3969412E-03  -0.2000000E-03
   0.5325939E-03  -0.4502769E-03  -0.2000000E-03
   0.5975752E-03  -0.4745759E-03  -0.2000000E-03
   0.7111790E-03  -0.4360469E-03  -0.2000000E-03
   0.6849097E-03   0.4338021E-03  -0.2000000E-03
   0.5485954E-03   0.3520548E-03  -0.2000000E-03
   0.4648165E-03   0.4600823E-03  -0.2000000E-03
   0.5368781E-03   0.5766336E-03  -0.2000000E-03
  -0.2639184E-03   0.7567907E-03  -0.2000000E-03
  -0.2788606E-03   0.8416658E-03  -0.2000000E-03
  -0.4082348E-04   0.7401847E-03  -0.2000000E-03
   0.2361252E-03   0.8263767E-03  -0.2000000E-03
  -0.1145079E-03  -0.6281395E-03  -0.2000000E-03
  -0.1593728E-03  -0.6832128E-03  -0.2000000E-03
  -0.7931230E-03  -0.2463394E-03  -0.2000000E-03
  -0.6237698E-03  -0.2790660E-03  -0.2000000E-03
  -0.1610435E-03  -0.1323665E-03  -0.2000000E-03
  -0.1188007E-03  -0.1126831E-04  -0.2000000E-03
  -0.2442357E-03  -0.1081540E-03  -0.2000000E-03
  -0.2621234E-03  -0.1553580E-04  -0.2000000E-03
  -0.4464836E-03   0.3177140E-03  -0.2000000E-03
  -0.5311338E-03   0.2062936E-03  -0.2000000E-03
  -0.5818533E-03   0.3526580E-03  -0.2000000E-03
  -0.7864832E-03  -0.3610859E-03  -0.2000000E-03
  -0.1105979E-03   0.7454015E-03  -0.2000000E-03
  -0.7835179E-04   0.6821005E-03  -0.2000000E-03
  -0.6157411E-03   0.5696874E-03  -0.2000000E-03
  -0.8758709E-03   0.1442009E-03  -0.2000000E-03
  -0.7533775E-03   0.2572367E-03  -0.2000000E-03
   0.5660473E-03  -0.3532617E-03  -0.2000000E-03
   0.6506977E-03   0.5009663E-03  -0.2000000E-03
   0.6321004E-03   0.4012909E-03  -0.2000000E-03
   0.5095316E-03   0.5240991E-03  -0.2000000E-03
  -0.8249129E-04  -0.6783932E-03  -0.2000000E-03
  -0.7297869E-03  -0.2611742E-03  -0.2000000E-03
  -0.1505252E-03  -0.6429367E-04  -0.2000000E-03
  -0.2317472E-03   0.2655001E-04  -0.2000000E-03
  -0.4964105E-03   0.2638816E-03  -0.2000000E-03
  -0.5872633E-03   0.2483950E-03  -0.2000000E-03
  -0.8283721E-03  -0.2993911E-03  -0.2000000E-03
  -0.8381246E-03  -0.3546895E-03  -0.2000000E-03
  -0.8147321E-03   0.1434484E-03  -0.2000000E-03
  -0.8116555E-03   0.2110173E-03  -0.2000000E-03
   0.5847157E-03  -0.4145516E-03  -0.2000000E-03
   0.7221836E-03  -0.3255445E-03  -0.2000000E-03
   0.6543333E-03  -0.2520352E-03  -0.2000000E-03
   0.6050263E-03  -0.3056892E-03  -0.2000000E-03
   0.5856336E-03   0.5277423E-03  -0.2000000E-03
   0.5063201E-03   0.4097850E-03  -0.2000000E-03
   0.5755057E-03   0.4057237E-03  -0.2000000E-03
   0.5421881E-03   0.4639239E-03  -0.2000000E-03
  -0.7628653E-03  -0.3117984E-03  -0.2000000E-03
  -0.2024720E-03  -0.9693432E-04  -0.2000000E-03
  -0.1930767E-03  -0.1219832E-04  -0.2000000E-03
  -0.5127735E-03   0.3382661E-03  -0.2000000E-03
  -0.6189199E-03   0.3014794E-03  -0.2000000E-03
   0.6483080E-03  -0.4306945E-03  -0.2000000E-03
   0.6690404E-03  -0.3170621E-03  -0.2000000E-03
   0.6118392E-03   0.4555749E-03  -0.2000000E-03
  -0.2249464E-03  -0.4663115E-04  -0.2000000E-03
  -0.5540856E-03   0.2865206E-03  -0.2000000E-03
   0.6886263E-03  -0.3755795E-03  -0.2000000E-03
   0.6269606E-03  -0.3661398E-03  -0.2000000E-03
