    26  0.0000000E+00 -0.9677419E-02 -0.6689189E-02
    26  0.0000000E+00 -0.9677419E-02 -0.6891892E-02
    26  0.0000000E+00 -0.9475806E-02 -0.6891892E-02
    26  0.0000000E+00 -0.9475806E-02 -0.6689189E-02
    26  0.0000000E+00 -0.9677419E-02 -0.6891892E-02
    26  0.0000000E+00 -0.9677419E-02 -0.7094595E-02
    26  0.0000000E+00 -0.9475806E-02 -0.7094595E-02
    26  0.0000000E+00 -0.9475806E-02 -0.6891892E-02
    26  0.0000000E+00 -0.9677419E-02 -0.7094595E-02
    26  0.0000000E+00 -0.9677419E-02 -0.7297297E-02
    26  0.0000000E+00 -0.9475806E-02 -0.7297297E-02
    26  0.0000000E+00 -0.9475806E-02 -0.7094595E-02
    26  0.0000000E+00 -0.9677419E-02 -0.7297297E-02
    26  0.0000000E+00 -0.9677419E-02 -0.7500000E-02
    26  0.0000000E+00 -0.9475806E-02 -0.7500000E-02
    26  0.0000000E+00 -0.9475806E-02 -0.7297297E-02
    26  0.0000000E+00 -0.9475806E-02 -0.5675676E-02
    26  0.0000000E+00 -0.9475806E-02 -0.5878378E-02
    26  0.0000000E+00 -0.9274194E-02 -0.5878378E-02
    26  0.0000000E+00 -0.9274194E-02 -0.5675676E-02
    26  0.0000000E+00 -0.9475806E-02 -0.5878378E-02
    26  0.0000000E+00 -0.9475806E-02 -0.6081081E-02
    26  0.0000000E+00 -0.9274194E-02 -0.6081081E-02
    26  0.0000000E+00 -0.9274194E-02 -0.5878378E-02
    26  0.0000000E+00 -0.9475806E-02 -0.6081081E-02
    26  0.0000000E+00 -0.9475806E-02 -0.6283784E-02
    26  0.0000000E+00 -0.9274194E-02 -0.6283784E-02
    26  0.0000000E+00 -0.9274194E-02 -0.6081081E-02
    26  0.0000000E+00 -0.9475806E-02 -0.6283784E-02
    26  0.0000000E+00 -0.9475806E-02 -0.6486487E-02
    26  0.0000000E+00 -0.9274194E-02 -0.6486487E-02
    26  0.0000000E+00 -0.9274194E-02 -0.6283784E-02
    26  0.0000000E+00 -0.9475806E-02 -0.6486487E-02
    26  0.0000000E+00 -0.9475806E-02 -0.6689189E-02
    26  0.0000000E+00 -0.9274194E-02 -0.6689189E-02
    26  0.0000000E+00 -0.9274194E-02 -0.6486487E-02
    26  0.0000000E+00 -0.9475806E-02 -0.6689189E-02
    26  0.0000000E+00 -0.9475806E-02 -0.6891892E-02
    26  0.0000000E+00 -0.9274194E-02 -0.6891892E-02
    26  0.0000000E+00 -0.9274194E-02 -0.6689189E-02
    26  0.0000000E+00 -0.9475806E-02 -0.6891892E-02
    26  0.0000000E+00 -0.9475806E-02 -0.7094595E-02
    26  0.0000000E+00 -0.9274194E-02 -0.7094595E-02
    26  0.0000000E+00 -0.9274194E-02 -0.6891892E-02
    26  0.0000000E+00 -0.9475806E-02 -0.7094595E-02
    26  0.0000000E+00 -0.9475806E-02 -0.7297297E-02
    26  0.0000000E+00 -0.9274194E-02 -0.7297297E-02
    26  0.0000000E+00 -0.9274194E-02 -0.7094595E-02
    26  0.0000000E+00 -0.9475806E-02 -0.7297297E-02
    26  0.0000000E+00 -0.9475806E-02 -0.7500000E-02
    26  0.0000000E+00 -0.9274194E-02 -0.7500000E-02
    26  0.0000000E+00 -0.9274194E-02 -0.7297297E-02
    26  0.0000000E+00 -0.9274194E-02 -0.5675676E-02
    26  0.0000000E+00 -0.9274194E-02 -0.5878378E-02
    26  0.0000000E+00 -0.9072581E-02 -0.5878378E-02
    26  0.0000000E+00 -0.9072581E-02 -0.5675676E-02
    26  0.0000000E+00 -0.9274194E-02 -0.5878378E-02
    26  0.0000000E+00 -0.9274194E-02 -0.6081081E-02
    26  0.0000000E+00 -0.9072581E-02 -0.6081081E-02
    26  0.0000000E+00 -0.9072581E-02 -0.5878378E-02
    26  0.0000000E+00 -0.9274194E-02 -0.6081081E-02
    26  0.0000000E+00 -0.9274194E-02 -0.6283784E-02
    26  0.0000000E+00 -0.9072581E-02 -0.6283784E-02
    26  0.0000000E+00 -0.9072581E-02 -0.6081081E-02
    26  0.0000000E+00 -0.9274194E-02 -0.6283784E-02
    26  0.0000000E+00 -0.9274194E-02 -0.6486487E-02
    26  0.0000000E+00 -0.9072581E-02 -0.6486487E-02
    26  0.0000000E+00 -0.9072581E-02 -0.6283784E-02
    26  0.0000000E+00 -0.9274194E-02 -0.6486487E-02
    26  0.0000000E+00 -0.9274194E-02 -0.6689189E-02
    26  0.0000000E+00 -0.9072581E-02 -0.6689189E-02
    26  0.0000000E+00 -0.9072581E-02 -0.6486487E-02
    26  0.0000000E+00 -0.9274194E-02 -0.6689189E-02
    26  0.0000000E+00 -0.9274194E-02 -0.6891892E-02
    26  0.0000000E+00 -0.9072581E-02 -0.6891892E-02
    26  0.0000000E+00 -0.9072581E-02 -0.6689189E-02
    26  0.0000000E+00 -0.9274194E-02 -0.6891892E-02
    26  0.0000000E+00 -0.9274194E-02 -0.7094595E-02
    26  0.0000000E+00 -0.9072581E-02 -0.7094595E-02
    26  0.0000000E+00 -0.9072581E-02 -0.6891892E-02
    26  0.0000000E+00 -0.9274194E-02 -0.7094595E-02
    26  0.0000000E+00 -0.9274194E-02 -0.7297297E-02
    26  0.0000000E+00 -0.9072581E-02 -0.7297297E-02
    26  0.0000000E+00 -0.9072581E-02 -0.7094595E-02
    26  0.0000000E+00 -0.9274194E-02 -0.7297297E-02
    26  0.0000000E+00 -0.9274194E-02 -0.7500000E-02
    26  0.0000000E+00 -0.9072581E-02 -0.7500000E-02
    26  0.0000000E+00 -0.9072581E-02 -0.7297297E-02
    26  0.0000000E+00 -0.9072581E-02 -0.5270270E-02
    26  0.0000000E+00 -0.9072581E-02 -0.5472973E-02
    26  0.0000000E+00 -0.8870968E-02 -0.5472973E-02
    26  0.0000000E+00 -0.8870968E-02 -0.5270270E-02
    26  0.0000000E+00 -0.9072581E-02 -0.5472973E-02
    26  0.0000000E+00 -0.9072581E-02 -0.5675676E-02
    26  0.0000000E+00 -0.8870968E-02 -0.5675676E-02
    26  0.0000000E+00 -0.8870968E-02 -0.5472973E-02
    26  0.0000000E+00 -0.9072581E-02 -0.5675676E-02
    26  0.0000000E+00 -0.9072581E-02 -0.5878378E-02
    26  0.0000000E+00 -0.8870968E-02 -0.5878378E-02
    26  0.0000000E+00 -0.8870968E-02 -0.5675676E-02
    26  0.0000000E+00 -0.9072581E-02 -0.5878378E-02
    26  0.0000000E+00 -0.9072581E-02 -0.6081081E-02
    26  0.0000000E+00 -0.8870968E-02 -0.6081081E-02
    26  0.0000000E+00 -0.8870968E-02 -0.5878378E-02
    26  0.0000000E+00 -0.9072581E-02 -0.6081081E-02
    26  0.0000000E+00 -0.9072581E-02 -0.6283784E-02
    26  0.0000000E+00 -0.8870968E-02 -0.6283784E-02
    26  0.0000000E+00 -0.8870968E-02 -0.6081081E-02
    26  0.0000000E+00 -0.9072581E-02 -0.6283784E-02
    26  0.0000000E+00 -0.9072581E-02 -0.6486487E-02
    26  0.0000000E+00 -0.8870968E-02 -0.6486487E-02
    26  0.0000000E+00 -0.8870968E-02 -0.6283784E-02
    26  0.0000000E+00 -0.9072581E-02 -0.6486487E-02
    26  0.0000000E+00 -0.9072581E-02 -0.6689189E-02
    26  0.0000000E+00 -0.8870968E-02 -0.6689189E-02
    26  0.0000000E+00 -0.8870968E-02 -0.6486487E-02
    26  0.0000000E+00 -0.9072581E-02 -0.6689189E-02
    26  0.0000000E+00 -0.9072581E-02 -0.6891892E-02
    26  0.0000000E+00 -0.8870968E-02 -0.6891892E-02
    26  0.0000000E+00 -0.8870968E-02 -0.6689189E-02
    26  0.0000000E+00 -0.9072581E-02 -0.6891892E-02
    26  0.0000000E+00 -0.9072581E-02 -0.7094595E-02
    26  0.0000000E+00 -0.8870968E-02 -0.7094595E-02
    26  0.0000000E+00 -0.8870968E-02 -0.6891892E-02
    26  0.0000000E+00 -0.9072581E-02 -0.7094595E-02
    26  0.0000000E+00 -0.9072581E-02 -0.7297297E-02
    26  0.0000000E+00 -0.8870968E-02 -0.7297297E-02
    26  0.0000000E+00 -0.8870968E-02 -0.7094595E-02
    26  0.0000000E+00 -0.9072581E-02 -0.7297297E-02
    26  0.0000000E+00 -0.9072581E-02 -0.7500000E-02
    26  0.0000000E+00 -0.8870968E-02 -0.7500000E-02
    26  0.0000000E+00 -0.8870968E-02 -0.7297297E-02
    26  0.0000000E+00 -0.8870968E-02 -0.5270270E-02
    26  0.0000000E+00 -0.8870968E-02 -0.5472973E-02
    26  0.0000000E+00 -0.8669355E-02 -0.5472973E-02
    26  0.0000000E+00 -0.8669355E-02 -0.5270270E-02
    26  0.0000000E+00 -0.8870968E-02 -0.5472973E-02
    26  0.0000000E+00 -0.8870968E-02 -0.5675676E-02
    26  0.0000000E+00 -0.8669355E-02 -0.5675676E-02
    26  0.0000000E+00 -0.8669355E-02 -0.5472973E-02
    26  0.0000000E+00 -0.8870968E-02 -0.5675676E-02
    26  0.0000000E+00 -0.8870968E-02 -0.5878378E-02
    26  0.0000000E+00 -0.8669355E-02 -0.5878378E-02
    26  0.0000000E+00 -0.8669355E-02 -0.5675676E-02
    26  0.0000000E+00 -0.8870968E-02 -0.5878378E-02
    26  0.0000000E+00 -0.8870968E-02 -0.6081081E-02
    26  0.0000000E+00 -0.8669355E-02 -0.6081081E-02
    26  0.0000000E+00 -0.8669355E-02 -0.5878378E-02
    26  0.0000000E+00 -0.8870968E-02 -0.6081081E-02
    26  0.0000000E+00 -0.8870968E-02 -0.6283784E-02
    26  0.0000000E+00 -0.8669355E-02 -0.6283784E-02
    26  0.0000000E+00 -0.8669355E-02 -0.6081081E-02
    26  0.0000000E+00 -0.8870968E-02 -0.6283784E-02
    26  0.0000000E+00 -0.8870968E-02 -0.6486487E-02
    26  0.0000000E+00 -0.8669355E-02 -0.6486487E-02
    26  0.0000000E+00 -0.8669355E-02 -0.6283784E-02
    26  0.0000000E+00 -0.8870968E-02 -0.6486487E-02
    26  0.0000000E+00 -0.8870968E-02 -0.6689189E-02
    26  0.0000000E+00 -0.8669355E-02 -0.6689189E-02
    26  0.0000000E+00 -0.8669355E-02 -0.6486487E-02
    26  0.0000000E+00 -0.8870968E-02 -0.6689189E-02
    26  0.0000000E+00 -0.8870968E-02 -0.6891892E-02
    26  0.0000000E+00 -0.8669355E-02 -0.6891892E-02
    26  0.0000000E+00 -0.8669355E-02 -0.6689189E-02
    26  0.0000000E+00 -0.8870968E-02 -0.6891892E-02
    26  0.0000000E+00 -0.8870968E-02 -0.7094595E-02
    26  0.0000000E+00 -0.8669355E-02 -0.7094595E-02
    26  0.0000000E+00 -0.8669355E-02 -0.6891892E-02
    26  0.0000000E+00 -0.8870968E-02 -0.7094595E-02
    26  0.0000000E+00 -0.8870968E-02 -0.7297297E-02
    26  0.0000000E+00 -0.8669355E-02 -0.7297297E-02
    26  0.0000000E+00 -0.8669355E-02 -0.7094595E-02
    26  0.0000000E+00 -0.8870968E-02 -0.7297297E-02
    26  0.0000000E+00 -0.8870968E-02 -0.7500000E-02
    26  0.0000000E+00 -0.8669355E-02 -0.7500000E-02
    26  0.0000000E+00 -0.8669355E-02 -0.7297297E-02
    26  0.0000000E+00 -0.8669355E-02 -0.5067568E-02
    26  0.0000000E+00 -0.8669355E-02 -0.5270270E-02
    26  0.0000000E+00 -0.8467742E-02 -0.5270270E-02
    26  0.0000000E+00 -0.8467742E-02 -0.5067568E-02
    26  0.0000000E+00 -0.8669355E-02 -0.5270270E-02
    26  0.0000000E+00 -0.8669355E-02 -0.5472973E-02
    26  0.0000000E+00 -0.8467742E-02 -0.5472973E-02
    26  0.0000000E+00 -0.8467742E-02 -0.5270270E-02
    26  0.0000000E+00 -0.8669355E-02 -0.5472973E-02
    26  0.0000000E+00 -0.8669355E-02 -0.5675676E-02
    26  0.0000000E+00 -0.8467742E-02 -0.5675676E-02
    26  0.0000000E+00 -0.8467742E-02 -0.5472973E-02
    26  0.0000000E+00 -0.8669355E-02 -0.5675676E-02
    26  0.0000000E+00 -0.8669355E-02 -0.5878378E-02
    26  0.0000000E+00 -0.8467742E-02 -0.5878378E-02
    26  0.0000000E+00 -0.8467742E-02 -0.5675676E-02
    26  0.0000000E+00 -0.8669355E-02 -0.5878378E-02
    26  0.0000000E+00 -0.8669355E-02 -0.6081081E-02
    26  0.0000000E+00 -0.8467742E-02 -0.6081081E-02
    26  0.0000000E+00 -0.8467742E-02 -0.5878378E-02
    26  0.0000000E+00 -0.8669355E-02 -0.6081081E-02
    26  0.0000000E+00 -0.8669355E-02 -0.6283784E-02
    26  0.0000000E+00 -0.8467742E-02 -0.6283784E-02
    26  0.0000000E+00 -0.8467742E-02 -0.6081081E-02
    26  0.0000000E+00 -0.8669355E-02 -0.6283784E-02
    26  0.0000000E+00 -0.8669355E-02 -0.6486487E-02
    26  0.0000000E+00 -0.8467742E-02 -0.6486487E-02
    26  0.0000000E+00 -0.8467742E-02 -0.6283784E-02
    26  0.0000000E+00 -0.8669355E-02 -0.6486487E-02
    26  0.0000000E+00 -0.8669355E-02 -0.6689189E-02
    26  0.0000000E+00 -0.8467742E-02 -0.6689189E-02
    26  0.0000000E+00 -0.8467742E-02 -0.6486487E-02
    26  0.0000000E+00 -0.8669355E-02 -0.6689189E-02
    26  0.0000000E+00 -0.8669355E-02 -0.6891892E-02
    26  0.0000000E+00 -0.8467742E-02 -0.6891892E-02
    26  0.0000000E+00 -0.8467742E-02 -0.6689189E-02
    26  0.0000000E+00 -0.8669355E-02 -0.6891892E-02
    26  0.0000000E+00 -0.8669355E-02 -0.7094595E-02
    26  0.0000000E+00 -0.8467742E-02 -0.7094595E-02
    26  0.0000000E+00 -0.8467742E-02 -0.6891892E-02
    26  0.0000000E+00 -0.8669355E-02 -0.7094595E-02
    26  0.0000000E+00 -0.8669355E-02 -0.7297297E-02
    26  0.0000000E+00 -0.8467742E-02 -0.7297297E-02
    26  0.0000000E+00 -0.8467742E-02 -0.7094595E-02
    26  0.0000000E+00 -0.8669355E-02 -0.7297297E-02
    26  0.0000000E+00 -0.8669355E-02 -0.7500000E-02
    26  0.0000000E+00 -0.8467742E-02 -0.7500000E-02
    26  0.0000000E+00 -0.8467742E-02 -0.7297297E-02
    26  0.0000000E+00 -0.8467742E-02 -0.4662162E-02
    26  0.0000000E+00 -0.8467742E-02 -0.4864865E-02
    26  0.0000000E+00 -0.8266129E-02 -0.4864865E-02
    26  0.0000000E+00 -0.8266129E-02 -0.4662162E-02
    26  0.0000000E+00 -0.8467742E-02 -0.4864865E-02
    26  0.0000000E+00 -0.8467742E-02 -0.5067568E-02
    26  0.0000000E+00 -0.8266129E-02 -0.5067568E-02
    26  0.0000000E+00 -0.8266129E-02 -0.4864865E-02
    26  0.0000000E+00 -0.8467742E-02 -0.5067568E-02
    26  0.0000000E+00 -0.8467742E-02 -0.5270270E-02
    26  0.0000000E+00 -0.8266129E-02 -0.5270270E-02
    26  0.0000000E+00 -0.8266129E-02 -0.5067568E-02
    26  0.0000000E+00 -0.8467742E-02 -0.5270270E-02
    26  0.0000000E+00 -0.8467742E-02 -0.5472973E-02
    26  0.0000000E+00 -0.8266129E-02 -0.5472973E-02
    26  0.0000000E+00 -0.8266129E-02 -0.5270270E-02
    26  0.0000000E+00 -0.8467742E-02 -0.5472973E-02
    26  0.0000000E+00 -0.8467742E-02 -0.5675676E-02
    26  0.0000000E+00 -0.8266129E-02 -0.5675676E-02
    26  0.0000000E+00 -0.8266129E-02 -0.5472973E-02
    26  0.0000000E+00 -0.8467742E-02 -0.5675676E-02
    26  0.0000000E+00 -0.8467742E-02 -0.5878378E-02
    26  0.0000000E+00 -0.8266129E-02 -0.5878378E-02
    26  0.0000000E+00 -0.8266129E-02 -0.5675676E-02
    26  0.0000000E+00 -0.8467742E-02 -0.5878378E-02
    26  0.0000000E+00 -0.8467742E-02 -0.6081081E-02
    26  0.0000000E+00 -0.8266129E-02 -0.6081081E-02
    26  0.0000000E+00 -0.8266129E-02 -0.5878378E-02
    26  0.0000000E+00 -0.8467742E-02 -0.6081081E-02
    26  0.0000000E+00 -0.8467742E-02 -0.6283784E-02
    26  0.0000000E+00 -0.8266129E-02 -0.6283784E-02
    26  0.0000000E+00 -0.8266129E-02 -0.6081081E-02
    26  0.0000000E+00 -0.8467742E-02 -0.6283784E-02
    26  0.0000000E+00 -0.8467742E-02 -0.6486487E-02
    26  0.0000000E+00 -0.8266129E-02 -0.6486487E-02
    26  0.0000000E+00 -0.8266129E-02 -0.6283784E-02
    26  0.0000000E+00 -0.8467742E-02 -0.6486487E-02
    26  0.0000000E+00 -0.8467742E-02 -0.6689189E-02
    26  0.0000000E+00 -0.8266129E-02 -0.6689189E-02
    26  0.0000000E+00 -0.8266129E-02 -0.6486487E-02
    26  0.0000000E+00 -0.8467742E-02 -0.6689189E-02
    26  0.0000000E+00 -0.8467742E-02 -0.6891892E-02
    26  0.0000000E+00 -0.8266129E-02 -0.6891892E-02
    26  0.0000000E+00 -0.8266129E-02 -0.6689189E-02
    26  0.0000000E+00 -0.8467742E-02 -0.6891892E-02
    26  0.0000000E+00 -0.8467742E-02 -0.7094595E-02
    26  0.0000000E+00 -0.8266129E-02 -0.7094595E-02
    26  0.0000000E+00 -0.8266129E-02 -0.6891892E-02
    26  0.0000000E+00 -0.8467742E-02 -0.7094595E-02
    26  0.0000000E+00 -0.8467742E-02 -0.7297297E-02
    26  0.0000000E+00 -0.8266129E-02 -0.7297297E-02
    26  0.0000000E+00 -0.8266129E-02 -0.7094595E-02
    26  0.0000000E+00 -0.8467742E-02 -0.7297297E-02
    26  0.0000000E+00 -0.8467742E-02 -0.7500000E-02
    26  0.0000000E+00 -0.8266129E-02 -0.7500000E-02
    26  0.0000000E+00 -0.8266129E-02 -0.7297297E-02
    26  0.0000000E+00 -0.8266129E-02 -0.4662162E-02
    26  0.0000000E+00 -0.8266129E-02 -0.4864865E-02
    26  0.0000000E+00 -0.8064516E-02 -0.4864865E-02
    26  0.0000000E+00 -0.8064516E-02 -0.4662162E-02
    26  0.0000000E+00 -0.8266129E-02 -0.4864865E-02
    26  0.0000000E+00 -0.8266129E-02 -0.5067568E-02
    26  0.0000000E+00 -0.8064516E-02 -0.5067568E-02
    26  0.0000000E+00 -0.8064516E-02 -0.4864865E-02
    26  0.0000000E+00 -0.8266129E-02 -0.5067568E-02
    26  0.0000000E+00 -0.8266129E-02 -0.5270270E-02
    26  0.0000000E+00 -0.8064516E-02 -0.5270270E-02
    26  0.0000000E+00 -0.8064516E-02 -0.5067568E-02
    26  0.0000000E+00 -0.8266129E-02 -0.5270270E-02
    26  0.0000000E+00 -0.8266129E-02 -0.5472973E-02
    26  0.0000000E+00 -0.8064516E-02 -0.5472973E-02
    26  0.0000000E+00 -0.8064516E-02 -0.5270270E-02
    26  0.0000000E+00 -0.8266129E-02 -0.5472973E-02
    26  0.0000000E+00 -0.8266129E-02 -0.5675676E-02
    26  0.0000000E+00 -0.8064516E-02 -0.5675676E-02
    26  0.0000000E+00 -0.8064516E-02 -0.5472973E-02
    26  0.0000000E+00 -0.8266129E-02 -0.5675676E-02
    26  0.0000000E+00 -0.8266129E-02 -0.5878378E-02
    26  0.0000000E+00 -0.8064516E-02 -0.5878378E-02
    26  0.0000000E+00 -0.8064516E-02 -0.5675676E-02
    26  0.0000000E+00 -0.8266129E-02 -0.5878378E-02
    26  0.0000000E+00 -0.8266129E-02 -0.6081081E-02
    26  0.0000000E+00 -0.8064516E-02 -0.6081081E-02
    26  0.0000000E+00 -0.8064516E-02 -0.5878378E-02
    26  0.0000000E+00 -0.8266129E-02 -0.6081081E-02
    26  0.0000000E+00 -0.8266129E-02 -0.6283784E-02
    26  0.0000000E+00 -0.8064516E-02 -0.6283784E-02
    26  0.0000000E+00 -0.8064516E-02 -0.6081081E-02
    26  0.0000000E+00 -0.8266129E-02 -0.6283784E-02
    26  0.0000000E+00 -0.8266129E-02 -0.6486487E-02
    26  0.0000000E+00 -0.8064516E-02 -0.6486487E-02
    26  0.0000000E+00 -0.8064516E-02 -0.6283784E-02
    26  0.0000000E+00 -0.8266129E-02 -0.6486487E-02
    26  0.0000000E+00 -0.8266129E-02 -0.6689189E-02
    26  0.0000000E+00 -0.8064516E-02 -0.6689189E-02
    26  0.0000000E+00 -0.8064516E-02 -0.6486487E-02
    26  0.0000000E+00 -0.8266129E-02 -0.6689189E-02
    26  0.0000000E+00 -0.8266129E-02 -0.6891892E-02
    26  0.0000000E+00 -0.8064516E-02 -0.6891892E-02
    26  0.0000000E+00 -0.8064516E-02 -0.6689189E-02
    26  0.0000000E+00 -0.8266129E-02 -0.6891892E-02
    26  0.0000000E+00 -0.8266129E-02 -0.7094595E-02
    26  0.0000000E+00 -0.8064516E-02 -0.7094595E-02
    26  0.0000000E+00 -0.8064516E-02 -0.6891892E-02
    26  0.0000000E+00 -0.8266129E-02 -0.7094595E-02
    26  0.0000000E+00 -0.8266129E-02 -0.7297297E-02
    26  0.0000000E+00 -0.8064516E-02 -0.7297297E-02
    26  0.0000000E+00 -0.8064516E-02 -0.7094595E-02
    26  0.0000000E+00 -0.8266129E-02 -0.7297297E-02
    26  0.0000000E+00 -0.8266129E-02 -0.7500000E-02
    26  0.0000000E+00 -0.8064516E-02 -0.7500000E-02
    26  0.0000000E+00 -0.8064516E-02 -0.7297297E-02
    26  0.0000000E+00 -0.8064516E-02 -0.4459460E-02
    26  0.0000000E+00 -0.8064516E-02 -0.4662162E-02
    26  0.0000000E+00 -0.7862903E-02 -0.4662162E-02
    26  0.0000000E+00 -0.7862903E-02 -0.4459460E-02
    26  0.0000000E+00 -0.8064516E-02 -0.4662162E-02
    26  0.0000000E+00 -0.8064516E-02 -0.4864865E-02
    26  0.0000000E+00 -0.7862903E-02 -0.4864865E-02
    26  0.0000000E+00 -0.7862903E-02 -0.4662162E-02
    26  0.0000000E+00 -0.8064516E-02 -0.4864865E-02
    26  0.0000000E+00 -0.8064516E-02 -0.5067568E-02
    26  0.0000000E+00 -0.7862903E-02 -0.5067568E-02
    26  0.0000000E+00 -0.7862903E-02 -0.4864865E-02
    26  0.0000000E+00 -0.8064516E-02 -0.5067568E-02
    26  0.0000000E+00 -0.8064516E-02 -0.5270270E-02
    26  0.0000000E+00 -0.7862903E-02 -0.5270270E-02
    26  0.0000000E+00 -0.7862903E-02 -0.5067568E-02
    26  0.0000000E+00 -0.8064516E-02 -0.5270270E-02
    26  0.0000000E+00 -0.8064516E-02 -0.5472973E-02
    26  0.0000000E+00 -0.7862903E-02 -0.5472973E-02
    26  0.0000000E+00 -0.7862903E-02 -0.5270270E-02
    26  0.0000000E+00 -0.8064516E-02 -0.5472973E-02
    26  0.0000000E+00 -0.8064516E-02 -0.5675676E-02
    26  0.0000000E+00 -0.7862903E-02 -0.5675676E-02
    26  0.0000000E+00 -0.7862903E-02 -0.5472973E-02
    26  0.0000000E+00 -0.8064516E-02 -0.5675676E-02
    26  0.0000000E+00 -0.8064516E-02 -0.5878378E-02
    26  0.0000000E+00 -0.7862903E-02 -0.5878378E-02
    26  0.0000000E+00 -0.7862903E-02 -0.5675676E-02
    26  0.0000000E+00 -0.8064516E-02 -0.5878378E-02
    26  0.0000000E+00 -0.8064516E-02 -0.6081081E-02
    26  0.0000000E+00 -0.7862903E-02 -0.6081081E-02
    26  0.0000000E+00 -0.7862903E-02 -0.5878378E-02
    26  0.0000000E+00 -0.8064516E-02 -0.6081081E-02
    26  0.0000000E+00 -0.8064516E-02 -0.6283784E-02
    26  0.0000000E+00 -0.7862903E-02 -0.6283784E-02
    26  0.0000000E+00 -0.7862903E-02 -0.6081081E-02
    26  0.0000000E+00 -0.8064516E-02 -0.6283784E-02
    26  0.0000000E+00 -0.8064516E-02 -0.6486487E-02
    26  0.0000000E+00 -0.7862903E-02 -0.6486487E-02
    26  0.0000000E+00 -0.7862903E-02 -0.6283784E-02
    26  0.0000000E+00 -0.8064516E-02 -0.6486487E-02
    26  0.0000000E+00 -0.8064516E-02 -0.6689189E-02
    26  0.0000000E+00 -0.7862903E-02 -0.6689189E-02
    26  0.0000000E+00 -0.7862903E-02 -0.6486487E-02
    26  0.0000000E+00 -0.8064516E-02 -0.6689189E-02
    26  0.0000000E+00 -0.8064516E-02 -0.6891892E-02
    26  0.0000000E+00 -0.7862903E-02 -0.6891892E-02
    26  0.0000000E+00 -0.7862903E-02 -0.6689189E-02
    26  0.0000000E+00 -0.8064516E-02 -0.6891892E-02
    26  0.0000000E+00 -0.8064516E-02 -0.7094595E-02
    26  0.0000000E+00 -0.7862903E-02 -0.7094595E-02
    26  0.0000000E+00 -0.7862903E-02 -0.6891892E-02
    26  0.0000000E+00 -0.8064516E-02 -0.7094595E-02
    26  0.0000000E+00 -0.8064516E-02 -0.7297297E-02
    26  0.0000000E+00 -0.7862903E-02 -0.7297297E-02
    26  0.0000000E+00 -0.7862903E-02 -0.7094595E-02
    26  0.0000000E+00 -0.8064516E-02 -0.7297297E-02
    26  0.0000000E+00 -0.8064516E-02 -0.7500000E-02
    26  0.0000000E+00 -0.7862903E-02 -0.7500000E-02
    26  0.0000000E+00 -0.7862903E-02 -0.7297297E-02
    26  0.0000000E+00 -0.7862903E-02 -0.4256757E-02
    26  0.0000000E+00 -0.7862903E-02 -0.4459460E-02
    26  0.0000000E+00 -0.7661290E-02 -0.4459460E-02
    26  0.0000000E+00 -0.7661290E-02 -0.4256757E-02
    26  0.0000000E+00 -0.7862903E-02 -0.4459460E-02
    26  0.0000000E+00 -0.7862903E-02 -0.4662162E-02
    26  0.0000000E+00 -0.7661290E-02 -0.4662162E-02
    26  0.0000000E+00 -0.7661290E-02 -0.4459460E-02
    26  0.0000000E+00 -0.7862903E-02 -0.4662162E-02
    26  0.0000000E+00 -0.7862903E-02 -0.4864865E-02
    26  0.0000000E+00 -0.7661290E-02 -0.4864865E-02
    26  0.0000000E+00 -0.7661290E-02 -0.4662162E-02
    26  0.0000000E+00 -0.7862903E-02 -0.4864865E-02
    26  0.0000000E+00 -0.7862903E-02 -0.5067568E-02
    26  0.0000000E+00 -0.7661290E-02 -0.5067568E-02
    26  0.0000000E+00 -0.7661290E-02 -0.4864865E-02
    26  0.0000000E+00 -0.7862903E-02 -0.5067568E-02
    26  0.0000000E+00 -0.7862903E-02 -0.5270270E-02
    26  0.0000000E+00 -0.7661290E-02 -0.5270270E-02
    26  0.0000000E+00 -0.7661290E-02 -0.5067568E-02
    26  0.0000000E+00 -0.7862903E-02 -0.5270270E-02
    26  0.0000000E+00 -0.7862903E-02 -0.5472973E-02
    26  0.0000000E+00 -0.7661290E-02 -0.5472973E-02
    26  0.0000000E+00 -0.7661290E-02 -0.5270270E-02
    26  0.0000000E+00 -0.7862903E-02 -0.5472973E-02
    26  0.0000000E+00 -0.7862903E-02 -0.5675676E-02
    26  0.0000000E+00 -0.7661290E-02 -0.5675676E-02
    26  0.0000000E+00 -0.7661290E-02 -0.5472973E-02
    26  0.0000000E+00 -0.7862903E-02 -0.5675676E-02
    26  0.0000000E+00 -0.7862903E-02 -0.5878378E-02
    26  0.0000000E+00 -0.7661290E-02 -0.5878378E-02
    26  0.0000000E+00 -0.7661290E-02 -0.5675676E-02
    26  0.0000000E+00 -0.7862903E-02 -0.5878378E-02
    26  0.0000000E+00 -0.7862903E-02 -0.6081081E-02
    26  0.0000000E+00 -0.7661290E-02 -0.6081081E-02
    26  0.0000000E+00 -0.7661290E-02 -0.5878378E-02
    26  0.0000000E+00 -0.7862903E-02 -0.6081081E-02
    26  0.0000000E+00 -0.7862903E-02 -0.6283784E-02
    26  0.0000000E+00 -0.7661290E-02 -0.6283784E-02
    26  0.0000000E+00 -0.7661290E-02 -0.6081081E-02
    26  0.0000000E+00 -0.7862903E-02 -0.6283784E-02
    26  0.0000000E+00 -0.7862903E-02 -0.6486487E-02
    26  0.0000000E+00 -0.7661290E-02 -0.6486487E-02
    26  0.0000000E+00 -0.7661290E-02 -0.6283784E-02
    26  0.0000000E+00 -0.7862903E-02 -0.6486487E-02
    26  0.0000000E+00 -0.7862903E-02 -0.6689189E-02
    26  0.0000000E+00 -0.7661290E-02 -0.6689189E-02
    26  0.0000000E+00 -0.7661290E-02 -0.6486487E-02
    26  0.0000000E+00 -0.7862903E-02 -0.6689189E-02
    26  0.0000000E+00 -0.7862903E-02 -0.6891892E-02
    26  0.0000000E+00 -0.7661290E-02 -0.6891892E-02
    26  0.0000000E+00 -0.7661290E-02 -0.6689189E-02
    26  0.0000000E+00 -0.7862903E-02 -0.6891892E-02
    26  0.0000000E+00 -0.7862903E-02 -0.7094595E-02
    26  0.0000000E+00 -0.7661290E-02 -0.7094595E-02
    26  0.0000000E+00 -0.7661290E-02 -0.6891892E-02
    26  0.0000000E+00 -0.7862903E-02 -0.7094595E-02
    26  0.0000000E+00 -0.7862903E-02 -0.7297297E-02
    26  0.0000000E+00 -0.7661290E-02 -0.7297297E-02
    26  0.0000000E+00 -0.7661290E-02 -0.7094595E-02
    26  0.0000000E+00 -0.7862903E-02 -0.7297297E-02
    26  0.0000000E+00 -0.7862903E-02 -0.7500000E-02
    26  0.0000000E+00 -0.7661290E-02 -0.7500000E-02
    26  0.0000000E+00 -0.7661290E-02 -0.7297297E-02
    26  0.0000000E+00 -0.7661290E-02 -0.4054054E-02
    26  0.0000000E+00 -0.7661290E-02 -0.4256757E-02
    26  0.0000000E+00 -0.7459677E-02 -0.4256757E-02
    26  0.0000000E+00 -0.7459677E-02 -0.4054054E-02
    26  0.0000000E+00 -0.7661290E-02 -0.4256757E-02
    26  0.0000000E+00 -0.7661290E-02 -0.4459460E-02
    26  0.0000000E+00 -0.7459677E-02 -0.4459460E-02
    26  0.0000000E+00 -0.7459677E-02 -0.4256757E-02
    26  0.0000000E+00 -0.7661290E-02 -0.4459460E-02
    26  0.0000000E+00 -0.7661290E-02 -0.4662162E-02
    26  0.0000000E+00 -0.7459677E-02 -0.4662162E-02
    26  0.0000000E+00 -0.7459677E-02 -0.4459460E-02
    26  0.0000000E+00 -0.7661290E-02 -0.4662162E-02
    26  0.0000000E+00 -0.7661290E-02 -0.4864865E-02
    26  0.0000000E+00 -0.7459677E-02 -0.4864865E-02
    26  0.0000000E+00 -0.7459677E-02 -0.4662162E-02
    26  0.0000000E+00 -0.7661290E-02 -0.4864865E-02
    26  0.0000000E+00 -0.7661290E-02 -0.5067568E-02
    26  0.0000000E+00 -0.7459677E-02 -0.5067568E-02
    26  0.0000000E+00 -0.7459677E-02 -0.4864865E-02
    26  0.0000000E+00 -0.7661290E-02 -0.5067568E-02
    26  0.0000000E+00 -0.7661290E-02 -0.5270270E-02
    26  0.0000000E+00 -0.7459677E-02 -0.5270270E-02
    26  0.0000000E+00 -0.7459677E-02 -0.5067568E-02
    26  0.0000000E+00 -0.7661290E-02 -0.5270270E-02
    26  0.0000000E+00 -0.7661290E-02 -0.5472973E-02
    26  0.0000000E+00 -0.7459677E-02 -0.5472973E-02
    26  0.0000000E+00 -0.7459677E-02 -0.5270270E-02
    26  0.0000000E+00 -0.7661290E-02 -0.5472973E-02
    26  0.0000000E+00 -0.7661290E-02 -0.5675676E-02
    26  0.0000000E+00 -0.7459677E-02 -0.5675676E-02
    26  0.0000000E+00 -0.7459677E-02 -0.5472973E-02
    26  0.0000000E+00 -0.7661290E-02 -0.5675676E-02
    26  0.0000000E+00 -0.7661290E-02 -0.5878378E-02
    26  0.0000000E+00 -0.7459677E-02 -0.5878378E-02
    26  0.0000000E+00 -0.7459677E-02 -0.5675676E-02
    26  0.0000000E+00 -0.7661290E-02 -0.5878378E-02
    26  0.0000000E+00 -0.7661290E-02 -0.6081081E-02
    26  0.0000000E+00 -0.7459677E-02 -0.6081081E-02
    26  0.0000000E+00 -0.7459677E-02 -0.5878378E-02
    26  0.0000000E+00 -0.7661290E-02 -0.6081081E-02
    26  0.0000000E+00 -0.7661290E-02 -0.6283784E-02
    26  0.0000000E+00 -0.7459677E-02 -0.6283784E-02
    26  0.0000000E+00 -0.7459677E-02 -0.6081081E-02
    26  0.0000000E+00 -0.7661290E-02 -0.6283784E-02
    26  0.0000000E+00 -0.7661290E-02 -0.6486487E-02
    26  0.0000000E+00 -0.7459677E-02 -0.6486487E-02
    26  0.0000000E+00 -0.7459677E-02 -0.6283784E-02
    26  0.0000000E+00 -0.7661290E-02 -0.6486487E-02
    26  0.0000000E+00 -0.7661290E-02 -0.6689189E-02
    26  0.0000000E+00 -0.7459677E-02 -0.6689189E-02
    26  0.0000000E+00 -0.7459677E-02 -0.6486487E-02
    26  0.0000000E+00 -0.7661290E-02 -0.6689189E-02
    26  0.0000000E+00 -0.7661290E-02 -0.6891892E-02
    26  0.0000000E+00 -0.7459677E-02 -0.6891892E-02
    26  0.0000000E+00 -0.7459677E-02 -0.6689189E-02
    26  0.0000000E+00 -0.7661290E-02 -0.6891892E-02
    26  0.0000000E+00 -0.7661290E-02 -0.7094595E-02
    26  0.0000000E+00 -0.7459677E-02 -0.7094595E-02
    26  0.0000000E+00 -0.7459677E-02 -0.6891892E-02
    26  0.0000000E+00 -0.7661290E-02 -0.7094595E-02
    26  0.0000000E+00 -0.7661290E-02 -0.7297297E-02
    26  0.0000000E+00 -0.7459677E-02 -0.7297297E-02
    26  0.0000000E+00 -0.7459677E-02 -0.7094595E-02
    26  0.0000000E+00 -0.7661290E-02 -0.7297297E-02
    26  0.0000000E+00 -0.7661290E-02 -0.7500000E-02
    26  0.0000000E+00 -0.7459677E-02 -0.7500000E-02
    26  0.0000000E+00 -0.7459677E-02 -0.7297297E-02
    26  0.0000000E+00 -0.7459677E-02 -0.4054054E-02
    26  0.0000000E+00 -0.7459677E-02 -0.4256757E-02
    26  0.0000000E+00 -0.7258065E-02 -0.4256757E-02
    26  0.0000000E+00 -0.7258065E-02 -0.4054054E-02
    26  0.0000000E+00 -0.7459677E-02 -0.4256757E-02
    26  0.0000000E+00 -0.7459677E-02 -0.4459460E-02
    26  0.0000000E+00 -0.7258065E-02 -0.4459460E-02
    26  0.0000000E+00 -0.7258065E-02 -0.4256757E-02
    26  0.0000000E+00 -0.7459677E-02 -0.4459460E-02
    26  0.0000000E+00 -0.7459677E-02 -0.4662162E-02
    26  0.0000000E+00 -0.7258065E-02 -0.4662162E-02
    26  0.0000000E+00 -0.7258065E-02 -0.4459460E-02
    26  0.0000000E+00 -0.7459677E-02 -0.4662162E-02
    26  0.0000000E+00 -0.7459677E-02 -0.4864865E-02
    26  0.0000000E+00 -0.7258065E-02 -0.4864865E-02
    26  0.0000000E+00 -0.7258065E-02 -0.4662162E-02
    26  0.0000000E+00 -0.7459677E-02 -0.4864865E-02
    26  0.0000000E+00 -0.7459677E-02 -0.5067568E-02
    26  0.0000000E+00 -0.7258065E-02 -0.5067568E-02
    26  0.0000000E+00 -0.7258065E-02 -0.4864865E-02
    26  0.0000000E+00 -0.7459677E-02 -0.5067568E-02
    26  0.0000000E+00 -0.7459677E-02 -0.5270270E-02
    26  0.0000000E+00 -0.7258065E-02 -0.5270270E-02
    26  0.0000000E+00 -0.7258065E-02 -0.5067568E-02
    26  0.0000000E+00 -0.7459677E-02 -0.5270270E-02
    26  0.0000000E+00 -0.7459677E-02 -0.5472973E-02
    26  0.0000000E+00 -0.7258065E-02 -0.5472973E-02
    26  0.0000000E+00 -0.7258065E-02 -0.5270270E-02
    26  0.0000000E+00 -0.7459677E-02 -0.5472973E-02
    26  0.0000000E+00 -0.7459677E-02 -0.5675676E-02
    26  0.0000000E+00 -0.7258065E-02 -0.5675676E-02
    26  0.0000000E+00 -0.7258065E-02 -0.5472973E-02
    26  0.0000000E+00 -0.7459677E-02 -0.5675676E-02
    26  0.0000000E+00 -0.7459677E-02 -0.5878378E-02
    26  0.0000000E+00 -0.7258065E-02 -0.5878378E-02
    26  0.0000000E+00 -0.7258065E-02 -0.5675676E-02
    26  0.0000000E+00 -0.7459677E-02 -0.5878378E-02
    26  0.0000000E+00 -0.7459677E-02 -0.6081081E-02
    26  0.0000000E+00 -0.7258065E-02 -0.6081081E-02
    26  0.0000000E+00 -0.7258065E-02 -0.5878378E-02
    26  0.0000000E+00 -0.7459677E-02 -0.6081081E-02
    26  0.0000000E+00 -0.7459677E-02 -0.6283784E-02
    26  0.0000000E+00 -0.7258065E-02 -0.6283784E-02
    26  0.0000000E+00 -0.7258065E-02 -0.6081081E-02
    26  0.0000000E+00 -0.7459677E-02 -0.6283784E-02
    26  0.0000000E+00 -0.7459677E-02 -0.6486487E-02
    26  0.0000000E+00 -0.7258065E-02 -0.6486487E-02
    26  0.0000000E+00 -0.7258065E-02 -0.6283784E-02
    26  0.0000000E+00 -0.7459677E-02 -0.6486487E-02
    26  0.0000000E+00 -0.7459677E-02 -0.6689189E-02
    26  0.0000000E+00 -0.7258065E-02 -0.6689189E-02
    26  0.0000000E+00 -0.7258065E-02 -0.6486487E-02
    26  0.0000000E+00 -0.7459677E-02 -0.6689189E-02
    26  0.0000000E+00 -0.7459677E-02 -0.6891892E-02
    26  0.0000000E+00 -0.7258065E-02 -0.6891892E-02
    26  0.0000000E+00 -0.7258065E-02 -0.6689189E-02
    26  0.0000000E+00 -0.7459677E-02 -0.6891892E-02
    26  0.0000000E+00 -0.7459677E-02 -0.7094595E-02
    26  0.0000000E+00 -0.7258065E-02 -0.7094595E-02
    26  0.0000000E+00 -0.7258065E-02 -0.6891892E-02
    26  0.0000000E+00 -0.7459677E-02 -0.7094595E-02
    26  0.0000000E+00 -0.7459677E-02 -0.7297297E-02
    26  0.0000000E+00 -0.7258065E-02 -0.7297297E-02
    26  0.0000000E+00 -0.7258065E-02 -0.7094595E-02
    26  0.0000000E+00 -0.7459677E-02 -0.7297297E-02
    26  0.0000000E+00 -0.7459677E-02 -0.7500000E-02
    26  0.0000000E+00 -0.7258065E-02 -0.7500000E-02
    26  0.0000000E+00 -0.7258065E-02 -0.7297297E-02
    26  0.0000000E+00 -0.7258065E-02 -0.4054054E-02
    26  0.0000000E+00 -0.7258065E-02 -0.4256757E-02
    26  0.0000000E+00 -0.7056452E-02 -0.4256757E-02
    26  0.0000000E+00 -0.7056452E-02 -0.4054054E-02
    26  0.0000000E+00 -0.7258065E-02 -0.4256757E-02
    26  0.0000000E+00 -0.7258065E-02 -0.4459460E-02
    26  0.0000000E+00 -0.7056452E-02 -0.4459460E-02
    26  0.0000000E+00 -0.7056452E-02 -0.4256757E-02
    26  0.0000000E+00 -0.7258065E-02 -0.4459460E-02
    26  0.0000000E+00 -0.7258065E-02 -0.4662162E-02
    26  0.0000000E+00 -0.7056452E-02 -0.4662162E-02
    26  0.0000000E+00 -0.7056452E-02 -0.4459460E-02
    26  0.0000000E+00 -0.7258065E-02 -0.4662162E-02
    26  0.0000000E+00 -0.7258065E-02 -0.4864865E-02
    26  0.0000000E+00 -0.7056452E-02 -0.4864865E-02
    26  0.0000000E+00 -0.7056452E-02 -0.4662162E-02
    26  0.0000000E+00 -0.7258065E-02 -0.4864865E-02
    26  0.0000000E+00 -0.7258065E-02 -0.5067568E-02
    26  0.0000000E+00 -0.7056452E-02 -0.5067568E-02
    26  0.0000000E+00 -0.7056452E-02 -0.4864865E-02
    26  0.0000000E+00 -0.7258065E-02 -0.5067568E-02
    26  0.0000000E+00 -0.7258065E-02 -0.5270270E-02
    26  0.0000000E+00 -0.7056452E-02 -0.5270270E-02
    26  0.0000000E+00 -0.7056452E-02 -0.5067568E-02
    26  0.0000000E+00 -0.7258065E-02 -0.5270270E-02
    26  0.0000000E+00 -0.7258065E-02 -0.5472973E-02
    26  0.0000000E+00 -0.7056452E-02 -0.5472973E-02
    26  0.0000000E+00 -0.7056452E-02 -0.5270270E-02
    26  0.0000000E+00 -0.7258065E-02 -0.5472973E-02
    26  0.0000000E+00 -0.7258065E-02 -0.5675676E-02
    26  0.0000000E+00 -0.7056452E-02 -0.5675676E-02
    26  0.0000000E+00 -0.7056452E-02 -0.5472973E-02
    26  0.0000000E+00 -0.7258065E-02 -0.5675676E-02
    26  0.0000000E+00 -0.7258065E-02 -0.5878378E-02
    26  0.0000000E+00 -0.7056452E-02 -0.5878378E-02
    26  0.0000000E+00 -0.7056452E-02 -0.5675676E-02
    26  0.0000000E+00 -0.7258065E-02 -0.5878378E-02
    26  0.0000000E+00 -0.7258065E-02 -0.6081081E-02
    26  0.0000000E+00 -0.7056452E-02 -0.6081081E-02
    26  0.0000000E+00 -0.7056452E-02 -0.5878378E-02
    26  0.0000000E+00 -0.7258065E-02 -0.6081081E-02
    26  0.0000000E+00 -0.7258065E-02 -0.6283784E-02
    26  0.0000000E+00 -0.7056452E-02 -0.6283784E-02
    26  0.0000000E+00 -0.7056452E-02 -0.6081081E-02
    26  0.0000000E+00 -0.7258065E-02 -0.6283784E-02
    26  0.0000000E+00 -0.7258065E-02 -0.6486487E-02
    26  0.0000000E+00 -0.7056452E-02 -0.6486487E-02
    26  0.0000000E+00 -0.7056452E-02 -0.6283784E-02
    26  0.0000000E+00 -0.7258065E-02 -0.6486487E-02
    26  0.0000000E+00 -0.7258065E-02 -0.6689189E-02
    26  0.0000000E+00 -0.7056452E-02 -0.6689189E-02
    26  0.0000000E+00 -0.7056452E-02 -0.6486487E-02
    26  0.0000000E+00 -0.7258065E-02 -0.6689189E-02
    26  0.0000000E+00 -0.7258065E-02 -0.6891892E-02
    26  0.0000000E+00 -0.7056452E-02 -0.6891892E-02
    26  0.0000000E+00 -0.7056452E-02 -0.6689189E-02
    26  0.0000000E+00 -0.7258065E-02 -0.6891892E-02
    26  0.0000000E+00 -0.7258065E-02 -0.7094595E-02
    26  0.0000000E+00 -0.7056452E-02 -0.7094595E-02
    26  0.0000000E+00 -0.7056452E-02 -0.6891892E-02
    26  0.0000000E+00 -0.7258065E-02 -0.7094595E-02
    26  0.0000000E+00 -0.7258065E-02 -0.7297297E-02
    26  0.0000000E+00 -0.7056452E-02 -0.7297297E-02
    26  0.0000000E+00 -0.7056452E-02 -0.7094595E-02
    26  0.0000000E+00 -0.7258065E-02 -0.7297297E-02
    26  0.0000000E+00 -0.7258065E-02 -0.7500000E-02
    26  0.0000000E+00 -0.7056452E-02 -0.7500000E-02
    26  0.0000000E+00 -0.7056452E-02 -0.7297297E-02
    26  0.0000000E+00 -0.7056452E-02 -0.4054054E-02
    26  0.0000000E+00 -0.7056452E-02 -0.4256757E-02
    26  0.0000000E+00 -0.6854839E-02 -0.4256757E-02
    26  0.0000000E+00 -0.6854839E-02 -0.4054054E-02
    26  0.0000000E+00 -0.7056452E-02 -0.4256757E-02
    26  0.0000000E+00 -0.7056452E-02 -0.4459460E-02
    26  0.0000000E+00 -0.6854839E-02 -0.4459460E-02
    26  0.0000000E+00 -0.6854839E-02 -0.4256757E-02
    26  0.0000000E+00 -0.7056452E-02 -0.4459460E-02
    26  0.0000000E+00 -0.7056452E-02 -0.4662162E-02
    26  0.0000000E+00 -0.6854839E-02 -0.4662162E-02
    26  0.0000000E+00 -0.6854839E-02 -0.4459460E-02
    26  0.0000000E+00 -0.7056452E-02 -0.4662162E-02
    26  0.0000000E+00 -0.7056452E-02 -0.4864865E-02
    26  0.0000000E+00 -0.6854839E-02 -0.4864865E-02
    26  0.0000000E+00 -0.6854839E-02 -0.4662162E-02
    26  0.0000000E+00 -0.7056452E-02 -0.4864865E-02
    26  0.0000000E+00 -0.7056452E-02 -0.5067568E-02
    26  0.0000000E+00 -0.6854839E-02 -0.5067568E-02
    26  0.0000000E+00 -0.6854839E-02 -0.4864865E-02
    26  0.0000000E+00 -0.7056452E-02 -0.5067568E-02
    26  0.0000000E+00 -0.7056452E-02 -0.5270270E-02
    26  0.0000000E+00 -0.6854839E-02 -0.5270270E-02
    26  0.0000000E+00 -0.6854839E-02 -0.5067568E-02
    26  0.0000000E+00 -0.7056452E-02 -0.5270270E-02
    26  0.0000000E+00 -0.7056452E-02 -0.5472973E-02
    26  0.0000000E+00 -0.6854839E-02 -0.5472973E-02
    26  0.0000000E+00 -0.6854839E-02 -0.5270270E-02
    26  0.0000000E+00 -0.7056452E-02 -0.5472973E-02
    26  0.0000000E+00 -0.7056452E-02 -0.5675676E-02
    26  0.0000000E+00 -0.6854839E-02 -0.5675676E-02
    26  0.0000000E+00 -0.6854839E-02 -0.5472973E-02
    26  0.0000000E+00 -0.7056452E-02 -0.5675676E-02
    26  0.0000000E+00 -0.7056452E-02 -0.5878378E-02
    26  0.0000000E+00 -0.6854839E-02 -0.5878378E-02
    26  0.0000000E+00 -0.6854839E-02 -0.5675676E-02
    26  0.0000000E+00 -0.7056452E-02 -0.5878378E-02
    26  0.0000000E+00 -0.7056452E-02 -0.6081081E-02
    26  0.0000000E+00 -0.6854839E-02 -0.6081081E-02
    26  0.0000000E+00 -0.6854839E-02 -0.5878378E-02
    26  0.0000000E+00 -0.7056452E-02 -0.6081081E-02
    26  0.0000000E+00 -0.7056452E-02 -0.6283784E-02
    26  0.0000000E+00 -0.6854839E-02 -0.6283784E-02
    26  0.0000000E+00 -0.6854839E-02 -0.6081081E-02
    26  0.0000000E+00 -0.7056452E-02 -0.6283784E-02
    26  0.0000000E+00 -0.7056452E-02 -0.6486487E-02
    26  0.0000000E+00 -0.6854839E-02 -0.6486487E-02
    26  0.0000000E+00 -0.6854839E-02 -0.6283784E-02
    26  0.0000000E+00 -0.7056452E-02 -0.6486487E-02
    26  0.0000000E+00 -0.7056452E-02 -0.6689189E-02
    26  0.0000000E+00 -0.6854839E-02 -0.6689189E-02
    26  0.0000000E+00 -0.6854839E-02 -0.6486487E-02
    26  0.0000000E+00 -0.7056452E-02 -0.6689189E-02
    26  0.0000000E+00 -0.7056452E-02 -0.6891892E-02
    26  0.0000000E+00 -0.6854839E-02 -0.6891892E-02
    26  0.0000000E+00 -0.6854839E-02 -0.6689189E-02
    26  0.0000000E+00 -0.7056452E-02 -0.6891892E-02
    26  0.0000000E+00 -0.7056452E-02 -0.7094595E-02
    26  0.0000000E+00 -0.6854839E-02 -0.7094595E-02
    26  0.0000000E+00 -0.6854839E-02 -0.6891892E-02
    26  0.0000000E+00 -0.7056452E-02 -0.7094595E-02
    26  0.0000000E+00 -0.7056452E-02 -0.7297297E-02
    26  0.0000000E+00 -0.6854839E-02 -0.7297297E-02
    26  0.0000000E+00 -0.6854839E-02 -0.7094595E-02
    26  0.0000000E+00 -0.7056452E-02 -0.7297297E-02
    26  0.0000000E+00 -0.7056452E-02 -0.7500000E-02
    26  0.0000000E+00 -0.6854839E-02 -0.7500000E-02
    26  0.0000000E+00 -0.6854839E-02 -0.7297297E-02
    26  0.0000000E+00 -0.6854839E-02 -0.4054054E-02
    26  0.0000000E+00 -0.6854839E-02 -0.4256757E-02
    26  0.0000000E+00 -0.6653226E-02 -0.4256757E-02
    26  0.0000000E+00 -0.6653226E-02 -0.4054054E-02
    26  0.0000000E+00 -0.6854839E-02 -0.4256757E-02
    26  0.0000000E+00 -0.6854839E-02 -0.4459460E-02
    26  0.0000000E+00 -0.6653226E-02 -0.4459460E-02
    26  0.0000000E+00 -0.6653226E-02 -0.4256757E-02
    26  0.0000000E+00 -0.6854839E-02 -0.4459460E-02
    26  0.0000000E+00 -0.6854839E-02 -0.4662162E-02
    26  0.0000000E+00 -0.6653226E-02 -0.4662162E-02
    26  0.0000000E+00 -0.6653226E-02 -0.4459460E-02
    26  0.0000000E+00 -0.6854839E-02 -0.4662162E-02
    26  0.0000000E+00 -0.6854839E-02 -0.4864865E-02
    26  0.0000000E+00 -0.6653226E-02 -0.4864865E-02
    26  0.0000000E+00 -0.6653226E-02 -0.4662162E-02
    26  0.0000000E+00 -0.6854839E-02 -0.4864865E-02
    26  0.0000000E+00 -0.6854839E-02 -0.5067568E-02
    26  0.0000000E+00 -0.6653226E-02 -0.5067568E-02
    26  0.0000000E+00 -0.6653226E-02 -0.4864865E-02
    26  0.0000000E+00 -0.6854839E-02 -0.5067568E-02
    26  0.0000000E+00 -0.6854839E-02 -0.5270270E-02
    26  0.0000000E+00 -0.6653226E-02 -0.5270270E-02
    26  0.0000000E+00 -0.6653226E-02 -0.5067568E-02
    26  0.0000000E+00 -0.6854839E-02 -0.5270270E-02
    26  0.0000000E+00 -0.6854839E-02 -0.5472973E-02
    26  0.0000000E+00 -0.6653226E-02 -0.5472973E-02
    26  0.0000000E+00 -0.6653226E-02 -0.5270270E-02
    26  0.0000000E+00 -0.6854839E-02 -0.5472973E-02
    26  0.0000000E+00 -0.6854839E-02 -0.5675676E-02
    26  0.0000000E+00 -0.6653226E-02 -0.5675676E-02
    26  0.0000000E+00 -0.6653226E-02 -0.5472973E-02
    26  0.0000000E+00 -0.6854839E-02 -0.5675676E-02
    26  0.0000000E+00 -0.6854839E-02 -0.5878378E-02
    26  0.0000000E+00 -0.6653226E-02 -0.5878378E-02
    26  0.0000000E+00 -0.6653226E-02 -0.5675676E-02
    26  0.0000000E+00 -0.6854839E-02 -0.5878378E-02
    26  0.0000000E+00 -0.6854839E-02 -0.6081081E-02
    26  0.0000000E+00 -0.6653226E-02 -0.6081081E-02
    26  0.0000000E+00 -0.6653226E-02 -0.5878378E-02
    26  0.0000000E+00 -0.6854839E-02 -0.6081081E-02
    26  0.0000000E+00 -0.6854839E-02 -0.6283784E-02
    26  0.0000000E+00 -0.6653226E-02 -0.6283784E-02
    26  0.0000000E+00 -0.6653226E-02 -0.6081081E-02
    26  0.0000000E+00 -0.6854839E-02 -0.6283784E-02
    26  0.0000000E+00 -0.6854839E-02 -0.6486487E-02
    26  0.0000000E+00 -0.6653226E-02 -0.6486487E-02
    26  0.0000000E+00 -0.6653226E-02 -0.6283784E-02
    26  0.0000000E+00 -0.6854839E-02 -0.6486487E-02
    26  0.0000000E+00 -0.6854839E-02 -0.6689189E-02
    26  0.0000000E+00 -0.6653226E-02 -0.6689189E-02
    26  0.0000000E+00 -0.6653226E-02 -0.6486487E-02
    26  0.0000000E+00 -0.6854839E-02 -0.6689189E-02
    26  0.0000000E+00 -0.6854839E-02 -0.6891892E-02
    26  0.0000000E+00 -0.6653226E-02 -0.6891892E-02
    26  0.0000000E+00 -0.6653226E-02 -0.6689189E-02
    26  0.0000000E+00 -0.6854839E-02 -0.6891892E-02
    26  0.0000000E+00 -0.6854839E-02 -0.7094595E-02
    26  0.0000000E+00 -0.6653226E-02 -0.7094595E-02
    26  0.0000000E+00 -0.6653226E-02 -0.6891892E-02
    26  0.0000000E+00 -0.6854839E-02 -0.7094595E-02
    26  0.0000000E+00 -0.6854839E-02 -0.7297297E-02
    26  0.0000000E+00 -0.6653226E-02 -0.7297297E-02
    26  0.0000000E+00 -0.6653226E-02 -0.7094595E-02
    26  0.0000000E+00 -0.6854839E-02 -0.7297297E-02
    26  0.0000000E+00 -0.6854839E-02 -0.7500000E-02
    26  0.0000000E+00 -0.6653226E-02 -0.7500000E-02
    26  0.0000000E+00 -0.6653226E-02 -0.7297297E-02
    26  0.0000000E+00 -0.6653226E-02 -0.4054054E-02
    26  0.0000000E+00 -0.6653226E-02 -0.4256757E-02
    26  0.0000000E+00 -0.6451613E-02 -0.4256757E-02
    26  0.0000000E+00 -0.6451613E-02 -0.4054054E-02
    26  0.0000000E+00 -0.6653226E-02 -0.4256757E-02
    26  0.0000000E+00 -0.6653226E-02 -0.4459460E-02
    26  0.0000000E+00 -0.6451613E-02 -0.4459460E-02
    26  0.0000000E+00 -0.6451613E-02 -0.4256757E-02
    26  0.0000000E+00 -0.6653226E-02 -0.4459460E-02
    26  0.0000000E+00 -0.6653226E-02 -0.4662162E-02
    26  0.0000000E+00 -0.6451613E-02 -0.4662162E-02
    26  0.0000000E+00 -0.6451613E-02 -0.4459460E-02
    26  0.0000000E+00 -0.6653226E-02 -0.4662162E-02
    26  0.0000000E+00 -0.6653226E-02 -0.4864865E-02
    26  0.0000000E+00 -0.6451613E-02 -0.4864865E-02
    26  0.0000000E+00 -0.6451613E-02 -0.4662162E-02
    26  0.0000000E+00 -0.6653226E-02 -0.4864865E-02
    26  0.0000000E+00 -0.6653226E-02 -0.5067568E-02
    26  0.0000000E+00 -0.6451613E-02 -0.5067568E-02
    26  0.0000000E+00 -0.6451613E-02 -0.4864865E-02
    26  0.0000000E+00 -0.6653226E-02 -0.5067568E-02
    26  0.0000000E+00 -0.6653226E-02 -0.5270270E-02
    26  0.0000000E+00 -0.6451613E-02 -0.5270270E-02
    26  0.0000000E+00 -0.6451613E-02 -0.5067568E-02
    26  0.0000000E+00 -0.6653226E-02 -0.5270270E-02
    26  0.0000000E+00 -0.6653226E-02 -0.5472973E-02
    26  0.0000000E+00 -0.6451613E-02 -0.5472973E-02
    26  0.0000000E+00 -0.6451613E-02 -0.5270270E-02
    26  0.0000000E+00 -0.6653226E-02 -0.5472973E-02
    26  0.0000000E+00 -0.6653226E-02 -0.5675676E-02
    26  0.0000000E+00 -0.6451613E-02 -0.5675676E-02
    26  0.0000000E+00 -0.6451613E-02 -0.5472973E-02
    26  0.0000000E+00 -0.6653226E-02 -0.5675676E-02
    26  0.0000000E+00 -0.6653226E-02 -0.5878378E-02
    26  0.0000000E+00 -0.6451613E-02 -0.5878378E-02
    26  0.0000000E+00 -0.6451613E-02 -0.5675676E-02
    26  0.0000000E+00 -0.6653226E-02 -0.5878378E-02
    26  0.0000000E+00 -0.6653226E-02 -0.6081081E-02
    26  0.0000000E+00 -0.6451613E-02 -0.6081081E-02
    26  0.0000000E+00 -0.6451613E-02 -0.5878378E-02
    26  0.0000000E+00 -0.6653226E-02 -0.6081081E-02
    26  0.0000000E+00 -0.6653226E-02 -0.6283784E-02
    26  0.0000000E+00 -0.6451613E-02 -0.6283784E-02
    26  0.0000000E+00 -0.6451613E-02 -0.6081081E-02
    26  0.0000000E+00 -0.6653226E-02 -0.6283784E-02
    26  0.0000000E+00 -0.6653226E-02 -0.6486487E-02
    26  0.0000000E+00 -0.6451613E-02 -0.6486487E-02
    26  0.0000000E+00 -0.6451613E-02 -0.6283784E-02
    26  0.0000000E+00 -0.6653226E-02 -0.6486487E-02
    26  0.0000000E+00 -0.6653226E-02 -0.6689189E-02
    26  0.0000000E+00 -0.6451613E-02 -0.6689189E-02
    26  0.0000000E+00 -0.6451613E-02 -0.6486487E-02
    26  0.0000000E+00 -0.6653226E-02 -0.6689189E-02
    26  0.0000000E+00 -0.6653226E-02 -0.6891892E-02
    26  0.0000000E+00 -0.6451613E-02 -0.6891892E-02
    26  0.0000000E+00 -0.6451613E-02 -0.6689189E-02
    26  0.0000000E+00 -0.6653226E-02 -0.6891892E-02
    26  0.0000000E+00 -0.6653226E-02 -0.7094595E-02
    26  0.0000000E+00 -0.6451613E-02 -0.7094595E-02
    26  0.0000000E+00 -0.6451613E-02 -0.6891892E-02
    26  0.0000000E+00 -0.6653226E-02 -0.7094595E-02
    26  0.0000000E+00 -0.6653226E-02 -0.7297297E-02
    26  0.0000000E+00 -0.6451613E-02 -0.7297297E-02
    26  0.0000000E+00 -0.6451613E-02 -0.7094595E-02
    26  0.0000000E+00 -0.6653226E-02 -0.7297297E-02
    26  0.0000000E+00 -0.6653226E-02 -0.7500000E-02
    26  0.0000000E+00 -0.6451613E-02 -0.7500000E-02
    26  0.0000000E+00 -0.6451613E-02 -0.7297297E-02
    26  0.0000000E+00 -0.6451613E-02 -0.4054054E-02
    26  0.0000000E+00 -0.6451613E-02 -0.4256757E-02
    26  0.0000000E+00 -0.6250000E-02 -0.4256757E-02
    26  0.0000000E+00 -0.6250000E-02 -0.4054054E-02
    26  0.0000000E+00 -0.6451613E-02 -0.4256757E-02
    26  0.0000000E+00 -0.6451613E-02 -0.4459460E-02
    26  0.0000000E+00 -0.6250000E-02 -0.4459460E-02
    26  0.0000000E+00 -0.6250000E-02 -0.4256757E-02
    26  0.0000000E+00 -0.6451613E-02 -0.4459460E-02
    26  0.0000000E+00 -0.6451613E-02 -0.4662162E-02
    26  0.0000000E+00 -0.6250000E-02 -0.4662162E-02
    26  0.0000000E+00 -0.6250000E-02 -0.4459460E-02
    26  0.0000000E+00 -0.6451613E-02 -0.4662162E-02
    26  0.0000000E+00 -0.6451613E-02 -0.4864865E-02
    26  0.0000000E+00 -0.6250000E-02 -0.4864865E-02
    26  0.0000000E+00 -0.6250000E-02 -0.4662162E-02
    26  0.0000000E+00 -0.6451613E-02 -0.4864865E-02
    26  0.0000000E+00 -0.6451613E-02 -0.5067568E-02
    26  0.0000000E+00 -0.6250000E-02 -0.5067568E-02
    26  0.0000000E+00 -0.6250000E-02 -0.4864865E-02
    26  0.0000000E+00 -0.6451613E-02 -0.5067568E-02
    26  0.0000000E+00 -0.6451613E-02 -0.5270270E-02
    26  0.0000000E+00 -0.6250000E-02 -0.5270270E-02
    26  0.0000000E+00 -0.6250000E-02 -0.5067568E-02
    26  0.0000000E+00 -0.6451613E-02 -0.5270270E-02
    26  0.0000000E+00 -0.6451613E-02 -0.5472973E-02
    26  0.0000000E+00 -0.6250000E-02 -0.5472973E-02
    26  0.0000000E+00 -0.6250000E-02 -0.5270270E-02
    26  0.0000000E+00 -0.6451613E-02 -0.5472973E-02
    26  0.0000000E+00 -0.6451613E-02 -0.5675676E-02
    26  0.0000000E+00 -0.6250000E-02 -0.5675676E-02
    26  0.0000000E+00 -0.6250000E-02 -0.5472973E-02
    26  0.0000000E+00 -0.6451613E-02 -0.5675676E-02
    26  0.0000000E+00 -0.6451613E-02 -0.5878378E-02
    26  0.0000000E+00 -0.6250000E-02 -0.5878378E-02
    26  0.0000000E+00 -0.6250000E-02 -0.5675676E-02
    26  0.0000000E+00 -0.6451613E-02 -0.5878378E-02
    26  0.0000000E+00 -0.6451613E-02 -0.6081081E-02
    26  0.0000000E+00 -0.6250000E-02 -0.6081081E-02
    26  0.0000000E+00 -0.6250000E-02 -0.5878378E-02
    26  0.0000000E+00 -0.6451613E-02 -0.6081081E-02
    26  0.0000000E+00 -0.6451613E-02 -0.6283784E-02
    26  0.0000000E+00 -0.6250000E-02 -0.6283784E-02
    26  0.0000000E+00 -0.6250000E-02 -0.6081081E-02
    26  0.0000000E+00 -0.6451613E-02 -0.6283784E-02
    26  0.0000000E+00 -0.6451613E-02 -0.6486487E-02
    26  0.0000000E+00 -0.6250000E-02 -0.6486487E-02
    26  0.0000000E+00 -0.6250000E-02 -0.6283784E-02
    26  0.0000000E+00 -0.6451613E-02 -0.6486487E-02
    26  0.0000000E+00 -0.6451613E-02 -0.6689189E-02
    26  0.0000000E+00 -0.6250000E-02 -0.6689189E-02
    26  0.0000000E+00 -0.6250000E-02 -0.6486487E-02
    26  0.0000000E+00 -0.6451613E-02 -0.6689189E-02
    26  0.0000000E+00 -0.6451613E-02 -0.6891892E-02
    26  0.0000000E+00 -0.6250000E-02 -0.6891892E-02
    26  0.0000000E+00 -0.6250000E-02 -0.6689189E-02
    26  0.0000000E+00 -0.6451613E-02 -0.6891892E-02
    26  0.0000000E+00 -0.6451613E-02 -0.7094595E-02
    26  0.0000000E+00 -0.6250000E-02 -0.7094595E-02
    26  0.0000000E+00 -0.6250000E-02 -0.6891892E-02
    26  0.0000000E+00 -0.6451613E-02 -0.7094595E-02
    26  0.0000000E+00 -0.6451613E-02 -0.7297297E-02
    26  0.0000000E+00 -0.6250000E-02 -0.7297297E-02
    26  0.0000000E+00 -0.6250000E-02 -0.7094595E-02
    26  0.0000000E+00 -0.6451613E-02 -0.7297297E-02
    26  0.0000000E+00 -0.6451613E-02 -0.7500000E-02
    26  0.0000000E+00 -0.6250000E-02 -0.7500000E-02
    26  0.0000000E+00 -0.6250000E-02 -0.7297297E-02
    26  0.0000000E+00 -0.6250000E-02 -0.5270270E-02
    26  0.0000000E+00 -0.6250000E-02 -0.5472973E-02
    26  0.0000000E+00 -0.6048387E-02 -0.5472973E-02
    26  0.0000000E+00 -0.6048387E-02 -0.5270270E-02
    26  0.0000000E+00 -0.6250000E-02 -0.5472973E-02
    26  0.0000000E+00 -0.6250000E-02 -0.5675676E-02
    26  0.0000000E+00 -0.6048387E-02 -0.5675676E-02
    26  0.0000000E+00 -0.6048387E-02 -0.5472973E-02
    26  0.0000000E+00 -0.6250000E-02 -0.5675676E-02
    26  0.0000000E+00 -0.6250000E-02 -0.5878378E-02
    26  0.0000000E+00 -0.6048387E-02 -0.5878378E-02
    26  0.0000000E+00 -0.6048387E-02 -0.5675676E-02
    26  0.0000000E+00 -0.6250000E-02 -0.5878378E-02
    26  0.0000000E+00 -0.6250000E-02 -0.6081081E-02
    26  0.0000000E+00 -0.6048387E-02 -0.6081081E-02
    26  0.0000000E+00 -0.6048387E-02 -0.5878378E-02
    26  0.0000000E+00 -0.6250000E-02 -0.6081081E-02
    26  0.0000000E+00 -0.6250000E-02 -0.6283784E-02
    26  0.0000000E+00 -0.6048387E-02 -0.6283784E-02
    26  0.0000000E+00 -0.6048387E-02 -0.6081081E-02
    26  0.0000000E+00 -0.6250000E-02 -0.6283784E-02
    26  0.0000000E+00 -0.6250000E-02 -0.6486487E-02
    26  0.0000000E+00 -0.6048387E-02 -0.6486487E-02
    26  0.0000000E+00 -0.6048387E-02 -0.6283784E-02
    26  0.0000000E+00 -0.6250000E-02 -0.6486487E-02
    26  0.0000000E+00 -0.6250000E-02 -0.6689189E-02
    26  0.0000000E+00 -0.6048387E-02 -0.6689189E-02
    26  0.0000000E+00 -0.6048387E-02 -0.6486487E-02
    26  0.0000000E+00 -0.6250000E-02 -0.6689189E-02
    26  0.0000000E+00 -0.6250000E-02 -0.6891892E-02
    26  0.0000000E+00 -0.6048387E-02 -0.6891892E-02
    26  0.0000000E+00 -0.6048387E-02 -0.6689189E-02
    26  0.0000000E+00 -0.6250000E-02 -0.6891892E-02
    26  0.0000000E+00 -0.6250000E-02 -0.7094595E-02
    26  0.0000000E+00 -0.6048387E-02 -0.7094595E-02
    26  0.0000000E+00 -0.6048387E-02 -0.6891892E-02
    26  0.0000000E+00 -0.6250000E-02 -0.7094595E-02
    26  0.0000000E+00 -0.6250000E-02 -0.7297297E-02
    26  0.0000000E+00 -0.6048387E-02 -0.7297297E-02
    26  0.0000000E+00 -0.6048387E-02 -0.7094595E-02
    26  0.0000000E+00 -0.6250000E-02 -0.7297297E-02
    26  0.0000000E+00 -0.6250000E-02 -0.7500000E-02
    26  0.0000000E+00 -0.6048387E-02 -0.7500000E-02
    26  0.0000000E+00 -0.6048387E-02 -0.7297297E-02
    26  0.0000000E+00 -0.6048387E-02 -0.5675676E-02
    26  0.0000000E+00 -0.6048387E-02 -0.5878378E-02
    26  0.0000000E+00 -0.5846774E-02 -0.5878378E-02
    26  0.0000000E+00 -0.5846774E-02 -0.5675676E-02
    26  0.0000000E+00 -0.6048387E-02 -0.5878378E-02
    26  0.0000000E+00 -0.6048387E-02 -0.6081081E-02
    26  0.0000000E+00 -0.5846774E-02 -0.6081081E-02
    26  0.0000000E+00 -0.5846774E-02 -0.5878378E-02
    26  0.0000000E+00 -0.6048387E-02 -0.6081081E-02
    26  0.0000000E+00 -0.6048387E-02 -0.6283784E-02
    26  0.0000000E+00 -0.5846774E-02 -0.6283784E-02
    26  0.0000000E+00 -0.5846774E-02 -0.6081081E-02
    26  0.0000000E+00 -0.6048387E-02 -0.6283784E-02
    26  0.0000000E+00 -0.6048387E-02 -0.6486487E-02
    26  0.0000000E+00 -0.5846774E-02 -0.6486487E-02
    26  0.0000000E+00 -0.5846774E-02 -0.6283784E-02
    26  0.0000000E+00 -0.6048387E-02 -0.6486487E-02
    26  0.0000000E+00 -0.6048387E-02 -0.6689189E-02
    26  0.0000000E+00 -0.5846774E-02 -0.6689189E-02
    26  0.0000000E+00 -0.5846774E-02 -0.6486487E-02
    26  0.0000000E+00 -0.6048387E-02 -0.6689189E-02
    26  0.0000000E+00 -0.6048387E-02 -0.6891892E-02
    26  0.0000000E+00 -0.5846774E-02 -0.6891892E-02
    26  0.0000000E+00 -0.5846774E-02 -0.6689189E-02
    26  0.0000000E+00 -0.6048387E-02 -0.6891892E-02
    26  0.0000000E+00 -0.6048387E-02 -0.7094595E-02
    26  0.0000000E+00 -0.5846774E-02 -0.7094595E-02
    26  0.0000000E+00 -0.5846774E-02 -0.6891892E-02
    26  0.0000000E+00 -0.6048387E-02 -0.7094595E-02
    26  0.0000000E+00 -0.6048387E-02 -0.7297297E-02
    26  0.0000000E+00 -0.5846774E-02 -0.7297297E-02
    26  0.0000000E+00 -0.5846774E-02 -0.7094595E-02
    26  0.0000000E+00 -0.6048387E-02 -0.7297297E-02
    26  0.0000000E+00 -0.6048387E-02 -0.7500000E-02
    26  0.0000000E+00 -0.5846774E-02 -0.7500000E-02
    26  0.0000000E+00 -0.5846774E-02 -0.7297297E-02
