    61  0.0000000E+00  0.1028226E-01 -0.4256757E-02
    61  0.0000000E+00  0.1028226E-01 -0.4459460E-02
    61  0.0000000E+00  0.1048387E-01 -0.4459460E-02
    61  0.0000000E+00  0.1048387E-01 -0.4256757E-02
    61  0.0000000E+00  0.1028226E-01 -0.4459460E-02
    61  0.0000000E+00  0.1028226E-01 -0.4662162E-02
    61  0.0000000E+00  0.1048387E-01 -0.4662162E-02
    61  0.0000000E+00  0.1048387E-01 -0.4459460E-02
    61  0.0000000E+00  0.1028226E-01 -0.4662162E-02
    61  0.0000000E+00  0.1028226E-01 -0.4864865E-02
    61  0.0000000E+00  0.1048387E-01 -0.4864865E-02
    61  0.0000000E+00  0.1048387E-01 -0.4662162E-02
    61  0.0000000E+00  0.1028226E-01 -0.4864865E-02
    61  0.0000000E+00  0.1028226E-01 -0.5067568E-02
    61  0.0000000E+00  0.1048387E-01 -0.5067568E-02
    61  0.0000000E+00  0.1048387E-01 -0.4864865E-02
    61  0.0000000E+00  0.1028226E-01 -0.5067568E-02
    61  0.0000000E+00  0.1028226E-01 -0.5270270E-02
    61  0.0000000E+00  0.1048387E-01 -0.5270270E-02
    61  0.0000000E+00  0.1048387E-01 -0.5067568E-02
    61  0.0000000E+00  0.1028226E-01 -0.5270270E-02
    61  0.0000000E+00  0.1028226E-01 -0.5472973E-02
    61  0.0000000E+00  0.1048387E-01 -0.5472973E-02
    61  0.0000000E+00  0.1048387E-01 -0.5270270E-02
    61  0.0000000E+00  0.1028226E-01 -0.5472973E-02
    61  0.0000000E+00  0.1028226E-01 -0.5675676E-02
    61  0.0000000E+00  0.1048387E-01 -0.5675676E-02
    61  0.0000000E+00  0.1048387E-01 -0.5472973E-02
    61  0.0000000E+00  0.1028226E-01 -0.5675676E-02
    61  0.0000000E+00  0.1028226E-01 -0.5878378E-02
    61  0.0000000E+00  0.1048387E-01 -0.5878378E-02
    61  0.0000000E+00  0.1048387E-01 -0.5675676E-02
    61  0.0000000E+00  0.1028226E-01 -0.5878378E-02
    61  0.0000000E+00  0.1028226E-01 -0.6081081E-02
    61  0.0000000E+00  0.1048387E-01 -0.6081081E-02
    61  0.0000000E+00  0.1048387E-01 -0.5878378E-02
    61  0.0000000E+00  0.1028226E-01 -0.6081081E-02
    61  0.0000000E+00  0.1028226E-01 -0.6283784E-02
    61  0.0000000E+00  0.1048387E-01 -0.6283784E-02
    61  0.0000000E+00  0.1048387E-01 -0.6081081E-02
    61  0.0000000E+00  0.1028226E-01 -0.6283784E-02
    61  0.0000000E+00  0.1028226E-01 -0.6486487E-02
    61  0.0000000E+00  0.1048387E-01 -0.6486487E-02
    61  0.0000000E+00  0.1048387E-01 -0.6283784E-02
    61  0.0000000E+00  0.1028226E-01 -0.6486487E-02
    61  0.0000000E+00  0.1028226E-01 -0.6689189E-02
    61  0.0000000E+00  0.1048387E-01 -0.6689189E-02
    61  0.0000000E+00  0.1048387E-01 -0.6486487E-02
    61  0.0000000E+00  0.1028226E-01 -0.6689189E-02
    61  0.0000000E+00  0.1028226E-01 -0.6891892E-02
    61  0.0000000E+00  0.1048387E-01 -0.6891892E-02
    61  0.0000000E+00  0.1048387E-01 -0.6689189E-02
    61  0.0000000E+00  0.1028226E-01 -0.6891892E-02
    61  0.0000000E+00  0.1028226E-01 -0.7094595E-02
    61  0.0000000E+00  0.1048387E-01 -0.7094595E-02
    61  0.0000000E+00  0.1048387E-01 -0.6891892E-02
    61  0.0000000E+00  0.1028226E-01 -0.7094595E-02
    61  0.0000000E+00  0.1028226E-01 -0.7297297E-02
    61  0.0000000E+00  0.1048387E-01 -0.7297297E-02
    61  0.0000000E+00  0.1048387E-01 -0.7094595E-02
    61  0.0000000E+00  0.1028226E-01 -0.7297297E-02
    61  0.0000000E+00  0.1028226E-01 -0.7500000E-02
    61  0.0000000E+00  0.1048387E-01 -0.7500000E-02
    61  0.0000000E+00  0.1048387E-01 -0.7297297E-02
    61  0.0000000E+00  0.1048387E-01 -0.4256757E-02
    61  0.0000000E+00  0.1048387E-01 -0.4459460E-02
    61  0.0000000E+00  0.1068548E-01 -0.4459460E-02
    61  0.0000000E+00  0.1068548E-01 -0.4256757E-02
    61  0.0000000E+00  0.1048387E-01 -0.4459460E-02
    61  0.0000000E+00  0.1048387E-01 -0.4662162E-02
    61  0.0000000E+00  0.1068548E-01 -0.4662162E-02
    61  0.0000000E+00  0.1068548E-01 -0.4459460E-02
    61  0.0000000E+00  0.1048387E-01 -0.4662162E-02
    61  0.0000000E+00  0.1048387E-01 -0.4864865E-02
    61  0.0000000E+00  0.1068548E-01 -0.4864865E-02
    61  0.0000000E+00  0.1068548E-01 -0.4662162E-02
    61  0.0000000E+00  0.1048387E-01 -0.4864865E-02
    61  0.0000000E+00  0.1048387E-01 -0.5067568E-02
    61  0.0000000E+00  0.1068548E-01 -0.5067568E-02
    61  0.0000000E+00  0.1068548E-01 -0.4864865E-02
    61  0.0000000E+00  0.1048387E-01 -0.5067568E-02
    61  0.0000000E+00  0.1048387E-01 -0.5270270E-02
    61  0.0000000E+00  0.1068548E-01 -0.5270270E-02
    61  0.0000000E+00  0.1068548E-01 -0.5067568E-02
    61  0.0000000E+00  0.1048387E-01 -0.5270270E-02
    61  0.0000000E+00  0.1048387E-01 -0.5472973E-02
    61  0.0000000E+00  0.1068548E-01 -0.5472973E-02
    61  0.0000000E+00  0.1068548E-01 -0.5270270E-02
    61  0.0000000E+00  0.1048387E-01 -0.5472973E-02
    61  0.0000000E+00  0.1048387E-01 -0.5675676E-02
    61  0.0000000E+00  0.1068548E-01 -0.5675676E-02
    61  0.0000000E+00  0.1068548E-01 -0.5472973E-02
    61  0.0000000E+00  0.1048387E-01 -0.5675676E-02
    61  0.0000000E+00  0.1048387E-01 -0.5878378E-02
    61  0.0000000E+00  0.1068548E-01 -0.5878378E-02
    61  0.0000000E+00  0.1068548E-01 -0.5675676E-02
    61  0.0000000E+00  0.1048387E-01 -0.5878378E-02
    61  0.0000000E+00  0.1048387E-01 -0.6081081E-02
    61  0.0000000E+00  0.1068548E-01 -0.6081081E-02
    61  0.0000000E+00  0.1068548E-01 -0.5878378E-02
    61  0.0000000E+00  0.1048387E-01 -0.6081081E-02
    61  0.0000000E+00  0.1048387E-01 -0.6283784E-02
    61  0.0000000E+00  0.1068548E-01 -0.6283784E-02
    61  0.0000000E+00  0.1068548E-01 -0.6081081E-02
    61  0.0000000E+00  0.1048387E-01 -0.6283784E-02
    61  0.0000000E+00  0.1048387E-01 -0.6486487E-02
    61  0.0000000E+00  0.1068548E-01 -0.6486487E-02
    61  0.0000000E+00  0.1068548E-01 -0.6283784E-02
    61  0.0000000E+00  0.1048387E-01 -0.6486487E-02
    61  0.0000000E+00  0.1048387E-01 -0.6689189E-02
    61  0.0000000E+00  0.1068548E-01 -0.6689189E-02
    61  0.0000000E+00  0.1068548E-01 -0.6486487E-02
    61  0.0000000E+00  0.1048387E-01 -0.6689189E-02
    61  0.0000000E+00  0.1048387E-01 -0.6891892E-02
    61  0.0000000E+00  0.1068548E-01 -0.6891892E-02
    61  0.0000000E+00  0.1068548E-01 -0.6689189E-02
    61  0.0000000E+00  0.1048387E-01 -0.6891892E-02
    61  0.0000000E+00  0.1048387E-01 -0.7094595E-02
    61  0.0000000E+00  0.1068548E-01 -0.7094595E-02
    61  0.0000000E+00  0.1068548E-01 -0.6891892E-02
    61  0.0000000E+00  0.1048387E-01 -0.7094595E-02
    61  0.0000000E+00  0.1048387E-01 -0.7297297E-02
    61  0.0000000E+00  0.1068548E-01 -0.7297297E-02
    61  0.0000000E+00  0.1068548E-01 -0.7094595E-02
    61  0.0000000E+00  0.1048387E-01 -0.7297297E-02
    61  0.0000000E+00  0.1048387E-01 -0.7500000E-02
    61  0.0000000E+00  0.1068548E-01 -0.7500000E-02
    61  0.0000000E+00  0.1068548E-01 -0.7297297E-02
    61  0.0000000E+00  0.1068548E-01 -0.4256757E-02
    61  0.0000000E+00  0.1068548E-01 -0.4459460E-02
    61  0.0000000E+00  0.1088710E-01 -0.4459460E-02
    61  0.0000000E+00  0.1088710E-01 -0.4256757E-02
    61  0.0000000E+00  0.1068548E-01 -0.4459460E-02
    61  0.0000000E+00  0.1068548E-01 -0.4662162E-02
    61  0.0000000E+00  0.1088710E-01 -0.4662162E-02
    61  0.0000000E+00  0.1088710E-01 -0.4459460E-02
    61  0.0000000E+00  0.1068548E-01 -0.4662162E-02
    61  0.0000000E+00  0.1068548E-01 -0.4864865E-02
    61  0.0000000E+00  0.1088710E-01 -0.4864865E-02
    61  0.0000000E+00  0.1088710E-01 -0.4662162E-02
    61  0.0000000E+00  0.1068548E-01 -0.4864865E-02
    61  0.0000000E+00  0.1068548E-01 -0.5067568E-02
    61  0.0000000E+00  0.1088710E-01 -0.5067568E-02
    61  0.0000000E+00  0.1088710E-01 -0.4864865E-02
    61  0.0000000E+00  0.1068548E-01 -0.5067568E-02
    61  0.0000000E+00  0.1068548E-01 -0.5270270E-02
    61  0.0000000E+00  0.1088710E-01 -0.5270270E-02
    61  0.0000000E+00  0.1088710E-01 -0.5067568E-02
    61  0.0000000E+00  0.1068548E-01 -0.5270270E-02
    61  0.0000000E+00  0.1068548E-01 -0.5472973E-02
    61  0.0000000E+00  0.1088710E-01 -0.5472973E-02
    61  0.0000000E+00  0.1088710E-01 -0.5270270E-02
    61  0.0000000E+00  0.1068548E-01 -0.5472973E-02
    61  0.0000000E+00  0.1068548E-01 -0.5675676E-02
    61  0.0000000E+00  0.1088710E-01 -0.5675676E-02
    61  0.0000000E+00  0.1088710E-01 -0.5472973E-02
    61  0.0000000E+00  0.1068548E-01 -0.5675676E-02
    61  0.0000000E+00  0.1068548E-01 -0.5878378E-02
    61  0.0000000E+00  0.1088710E-01 -0.5878378E-02
    61  0.0000000E+00  0.1088710E-01 -0.5675676E-02
    61  0.0000000E+00  0.1068548E-01 -0.5878378E-02
    61  0.0000000E+00  0.1068548E-01 -0.6081081E-02
    61  0.0000000E+00  0.1088710E-01 -0.6081081E-02
    61  0.0000000E+00  0.1088710E-01 -0.5878378E-02
    61  0.0000000E+00  0.1068548E-01 -0.6081081E-02
    61  0.0000000E+00  0.1068548E-01 -0.6283784E-02
    61  0.0000000E+00  0.1088710E-01 -0.6283784E-02
    61  0.0000000E+00  0.1088710E-01 -0.6081081E-02
    61  0.0000000E+00  0.1068548E-01 -0.6283784E-02
    61  0.0000000E+00  0.1068548E-01 -0.6486487E-02
    61  0.0000000E+00  0.1088710E-01 -0.6486487E-02
    61  0.0000000E+00  0.1088710E-01 -0.6283784E-02
    61  0.0000000E+00  0.1068548E-01 -0.6486487E-02
    61  0.0000000E+00  0.1068548E-01 -0.6689189E-02
    61  0.0000000E+00  0.1088710E-01 -0.6689189E-02
    61  0.0000000E+00  0.1088710E-01 -0.6486487E-02
    61  0.0000000E+00  0.1068548E-01 -0.6689189E-02
    61  0.0000000E+00  0.1068548E-01 -0.6891892E-02
    61  0.0000000E+00  0.1088710E-01 -0.6891892E-02
    61  0.0000000E+00  0.1088710E-01 -0.6689189E-02
    61  0.0000000E+00  0.1068548E-01 -0.6891892E-02
    61  0.0000000E+00  0.1068548E-01 -0.7094595E-02
    61  0.0000000E+00  0.1088710E-01 -0.7094595E-02
    61  0.0000000E+00  0.1088710E-01 -0.6891892E-02
    61  0.0000000E+00  0.1068548E-01 -0.7094595E-02
    61  0.0000000E+00  0.1068548E-01 -0.7297297E-02
    61  0.0000000E+00  0.1088710E-01 -0.7297297E-02
    61  0.0000000E+00  0.1088710E-01 -0.7094595E-02
    61  0.0000000E+00  0.1068548E-01 -0.7297297E-02
    61  0.0000000E+00  0.1068548E-01 -0.7500000E-02
    61  0.0000000E+00  0.1088710E-01 -0.7500000E-02
    61  0.0000000E+00  0.1088710E-01 -0.7297297E-02
    61  0.0000000E+00  0.1088710E-01 -0.4256757E-02
    61  0.0000000E+00  0.1088710E-01 -0.4459460E-02
    61  0.0000000E+00  0.1108871E-01 -0.4459460E-02
    61  0.0000000E+00  0.1108871E-01 -0.4256757E-02
    61  0.0000000E+00  0.1088710E-01 -0.4459460E-02
    61  0.0000000E+00  0.1088710E-01 -0.4662162E-02
    61  0.0000000E+00  0.1108871E-01 -0.4662162E-02
    61  0.0000000E+00  0.1108871E-01 -0.4459460E-02
    61  0.0000000E+00  0.1088710E-01 -0.4662162E-02
    61  0.0000000E+00  0.1088710E-01 -0.4864865E-02
    61  0.0000000E+00  0.1108871E-01 -0.4864865E-02
    61  0.0000000E+00  0.1108871E-01 -0.4662162E-02
    61  0.0000000E+00  0.1088710E-01 -0.4864865E-02
    61  0.0000000E+00  0.1088710E-01 -0.5067568E-02
    61  0.0000000E+00  0.1108871E-01 -0.5067568E-02
    61  0.0000000E+00  0.1108871E-01 -0.4864865E-02
    61  0.0000000E+00  0.1088710E-01 -0.5067568E-02
    61  0.0000000E+00  0.1088710E-01 -0.5270270E-02
    61  0.0000000E+00  0.1108871E-01 -0.5270270E-02
    61  0.0000000E+00  0.1108871E-01 -0.5067568E-02
    61  0.0000000E+00  0.1088710E-01 -0.5270270E-02
    61  0.0000000E+00  0.1088710E-01 -0.5472973E-02
    61  0.0000000E+00  0.1108871E-01 -0.5472973E-02
    61  0.0000000E+00  0.1108871E-01 -0.5270270E-02
    61  0.0000000E+00  0.1088710E-01 -0.5472973E-02
    61  0.0000000E+00  0.1088710E-01 -0.5675676E-02
    61  0.0000000E+00  0.1108871E-01 -0.5675676E-02
    61  0.0000000E+00  0.1108871E-01 -0.5472973E-02
    61  0.0000000E+00  0.1088710E-01 -0.5675676E-02
    61  0.0000000E+00  0.1088710E-01 -0.5878378E-02
    61  0.0000000E+00  0.1108871E-01 -0.5878378E-02
    61  0.0000000E+00  0.1108871E-01 -0.5675676E-02
    61  0.0000000E+00  0.1088710E-01 -0.5878378E-02
    61  0.0000000E+00  0.1088710E-01 -0.6081081E-02
    61  0.0000000E+00  0.1108871E-01 -0.6081081E-02
    61  0.0000000E+00  0.1108871E-01 -0.5878378E-02
    61  0.0000000E+00  0.1088710E-01 -0.6081081E-02
    61  0.0000000E+00  0.1088710E-01 -0.6283784E-02
    61  0.0000000E+00  0.1108871E-01 -0.6283784E-02
    61  0.0000000E+00  0.1108871E-01 -0.6081081E-02
    61  0.0000000E+00  0.1088710E-01 -0.6283784E-02
    61  0.0000000E+00  0.1088710E-01 -0.6486487E-02
    61  0.0000000E+00  0.1108871E-01 -0.6486487E-02
    61  0.0000000E+00  0.1108871E-01 -0.6283784E-02
    61  0.0000000E+00  0.1088710E-01 -0.6486487E-02
    61  0.0000000E+00  0.1088710E-01 -0.6689189E-02
    61  0.0000000E+00  0.1108871E-01 -0.6689189E-02
    61  0.0000000E+00  0.1108871E-01 -0.6486487E-02
    61  0.0000000E+00  0.1088710E-01 -0.6689189E-02
    61  0.0000000E+00  0.1088710E-01 -0.6891892E-02
    61  0.0000000E+00  0.1108871E-01 -0.6891892E-02
    61  0.0000000E+00  0.1108871E-01 -0.6689189E-02
    61  0.0000000E+00  0.1088710E-01 -0.6891892E-02
    61  0.0000000E+00  0.1088710E-01 -0.7094595E-02
    61  0.0000000E+00  0.1108871E-01 -0.7094595E-02
    61  0.0000000E+00  0.1108871E-01 -0.6891892E-02
    61  0.0000000E+00  0.1088710E-01 -0.7094595E-02
    61  0.0000000E+00  0.1088710E-01 -0.7297297E-02
    61  0.0000000E+00  0.1108871E-01 -0.7297297E-02
    61  0.0000000E+00  0.1108871E-01 -0.7094595E-02
    61  0.0000000E+00  0.1088710E-01 -0.7297297E-02
    61  0.0000000E+00  0.1088710E-01 -0.7500000E-02
    61  0.0000000E+00  0.1108871E-01 -0.7500000E-02
    61  0.0000000E+00  0.1108871E-01 -0.7297297E-02
    61  0.0000000E+00  0.1108871E-01 -0.4256757E-02
    61  0.0000000E+00  0.1108871E-01 -0.4459460E-02
    61  0.0000000E+00  0.1129032E-01 -0.4459460E-02
    61  0.0000000E+00  0.1129032E-01 -0.4256757E-02
    61  0.0000000E+00  0.1108871E-01 -0.4459460E-02
    61  0.0000000E+00  0.1108871E-01 -0.4662162E-02
    61  0.0000000E+00  0.1129032E-01 -0.4662162E-02
    61  0.0000000E+00  0.1129032E-01 -0.4459460E-02
    61  0.0000000E+00  0.1108871E-01 -0.4662162E-02
    61  0.0000000E+00  0.1108871E-01 -0.4864865E-02
    61  0.0000000E+00  0.1129032E-01 -0.4864865E-02
    61  0.0000000E+00  0.1129032E-01 -0.4662162E-02
    61  0.0000000E+00  0.1108871E-01 -0.4864865E-02
    61  0.0000000E+00  0.1108871E-01 -0.5067568E-02
    61  0.0000000E+00  0.1129032E-01 -0.5067568E-02
    61  0.0000000E+00  0.1129032E-01 -0.4864865E-02
    61  0.0000000E+00  0.1108871E-01 -0.5067568E-02
    61  0.0000000E+00  0.1108871E-01 -0.5270270E-02
    61  0.0000000E+00  0.1129032E-01 -0.5270270E-02
    61  0.0000000E+00  0.1129032E-01 -0.5067568E-02
    61  0.0000000E+00  0.1108871E-01 -0.5270270E-02
    61  0.0000000E+00  0.1108871E-01 -0.5472973E-02
    61  0.0000000E+00  0.1129032E-01 -0.5472973E-02
    61  0.0000000E+00  0.1129032E-01 -0.5270270E-02
    61  0.0000000E+00  0.1108871E-01 -0.5472973E-02
    61  0.0000000E+00  0.1108871E-01 -0.5675676E-02
    61  0.0000000E+00  0.1129032E-01 -0.5675676E-02
    61  0.0000000E+00  0.1129032E-01 -0.5472973E-02
    61  0.0000000E+00  0.1108871E-01 -0.5675676E-02
    61  0.0000000E+00  0.1108871E-01 -0.5878378E-02
    61  0.0000000E+00  0.1129032E-01 -0.5878378E-02
    61  0.0000000E+00  0.1129032E-01 -0.5675676E-02
    61  0.0000000E+00  0.1108871E-01 -0.5878378E-02
    61  0.0000000E+00  0.1108871E-01 -0.6081081E-02
    61  0.0000000E+00  0.1129032E-01 -0.6081081E-02
    61  0.0000000E+00  0.1129032E-01 -0.5878378E-02
    61  0.0000000E+00  0.1108871E-01 -0.6081081E-02
    61  0.0000000E+00  0.1108871E-01 -0.6283784E-02
    61  0.0000000E+00  0.1129032E-01 -0.6283784E-02
    61  0.0000000E+00  0.1129032E-01 -0.6081081E-02
    61  0.0000000E+00  0.1108871E-01 -0.6283784E-02
    61  0.0000000E+00  0.1108871E-01 -0.6486487E-02
    61  0.0000000E+00  0.1129032E-01 -0.6486487E-02
    61  0.0000000E+00  0.1129032E-01 -0.6283784E-02
    61  0.0000000E+00  0.1108871E-01 -0.6486487E-02
    61  0.0000000E+00  0.1108871E-01 -0.6689189E-02
    61  0.0000000E+00  0.1129032E-01 -0.6689189E-02
    61  0.0000000E+00  0.1129032E-01 -0.6486487E-02
    61  0.0000000E+00  0.1108871E-01 -0.6689189E-02
    61  0.0000000E+00  0.1108871E-01 -0.6891892E-02
    61  0.0000000E+00  0.1129032E-01 -0.6891892E-02
    61  0.0000000E+00  0.1129032E-01 -0.6689189E-02
    61  0.0000000E+00  0.1108871E-01 -0.6891892E-02
    61  0.0000000E+00  0.1108871E-01 -0.7094595E-02
    61  0.0000000E+00  0.1129032E-01 -0.7094595E-02
    61  0.0000000E+00  0.1129032E-01 -0.6891892E-02
    61  0.0000000E+00  0.1108871E-01 -0.7094595E-02
    61  0.0000000E+00  0.1108871E-01 -0.7297297E-02
    61  0.0000000E+00  0.1129032E-01 -0.7297297E-02
    61  0.0000000E+00  0.1129032E-01 -0.7094595E-02
    61  0.0000000E+00  0.1108871E-01 -0.7297297E-02
    61  0.0000000E+00  0.1108871E-01 -0.7500000E-02
    61  0.0000000E+00  0.1129032E-01 -0.7500000E-02
    61  0.0000000E+00  0.1129032E-01 -0.7297297E-02
    61  0.0000000E+00  0.1129032E-01 -0.4256757E-02
    61  0.0000000E+00  0.1129032E-01 -0.4459460E-02
    61  0.0000000E+00  0.1149194E-01 -0.4459460E-02
    61  0.0000000E+00  0.1149194E-01 -0.4256757E-02
    61  0.0000000E+00  0.1129032E-01 -0.4459460E-02
    61  0.0000000E+00  0.1129032E-01 -0.4662162E-02
    61  0.0000000E+00  0.1149194E-01 -0.4662162E-02
    61  0.0000000E+00  0.1149194E-01 -0.4459460E-02
    61  0.0000000E+00  0.1129032E-01 -0.4662162E-02
    61  0.0000000E+00  0.1129032E-01 -0.4864865E-02
    61  0.0000000E+00  0.1149194E-01 -0.4864865E-02
    61  0.0000000E+00  0.1149194E-01 -0.4662162E-02
    61  0.0000000E+00  0.1129032E-01 -0.4864865E-02
    61  0.0000000E+00  0.1129032E-01 -0.5067568E-02
    61  0.0000000E+00  0.1149194E-01 -0.5067568E-02
    61  0.0000000E+00  0.1149194E-01 -0.4864865E-02
    61  0.0000000E+00  0.1129032E-01 -0.5067568E-02
    61  0.0000000E+00  0.1129032E-01 -0.5270270E-02
    61  0.0000000E+00  0.1149194E-01 -0.5270270E-02
    61  0.0000000E+00  0.1149194E-01 -0.5067568E-02
    61  0.0000000E+00  0.1129032E-01 -0.5270270E-02
    61  0.0000000E+00  0.1129032E-01 -0.5472973E-02
    61  0.0000000E+00  0.1149194E-01 -0.5472973E-02
    61  0.0000000E+00  0.1149194E-01 -0.5270270E-02
    61  0.0000000E+00  0.1129032E-01 -0.5472973E-02
    61  0.0000000E+00  0.1129032E-01 -0.5675676E-02
    61  0.0000000E+00  0.1149194E-01 -0.5675676E-02
    61  0.0000000E+00  0.1149194E-01 -0.5472973E-02
    61  0.0000000E+00  0.1129032E-01 -0.5675676E-02
    61  0.0000000E+00  0.1129032E-01 -0.5878378E-02
    61  0.0000000E+00  0.1149194E-01 -0.5878378E-02
    61  0.0000000E+00  0.1149194E-01 -0.5675676E-02
    61  0.0000000E+00  0.1129032E-01 -0.5878378E-02
    61  0.0000000E+00  0.1129032E-01 -0.6081081E-02
    61  0.0000000E+00  0.1149194E-01 -0.6081081E-02
    61  0.0000000E+00  0.1149194E-01 -0.5878378E-02
    61  0.0000000E+00  0.1129032E-01 -0.6081081E-02
    61  0.0000000E+00  0.1129032E-01 -0.6283784E-02
    61  0.0000000E+00  0.1149194E-01 -0.6283784E-02
    61  0.0000000E+00  0.1149194E-01 -0.6081081E-02
    61  0.0000000E+00  0.1129032E-01 -0.6283784E-02
    61  0.0000000E+00  0.1129032E-01 -0.6486487E-02
    61  0.0000000E+00  0.1149194E-01 -0.6486487E-02
    61  0.0000000E+00  0.1149194E-01 -0.6283784E-02
    61  0.0000000E+00  0.1129032E-01 -0.6486487E-02
    61  0.0000000E+00  0.1129032E-01 -0.6689189E-02
    61  0.0000000E+00  0.1149194E-01 -0.6689189E-02
    61  0.0000000E+00  0.1149194E-01 -0.6486487E-02
    61  0.0000000E+00  0.1129032E-01 -0.6689189E-02
    61  0.0000000E+00  0.1129032E-01 -0.6891892E-02
    61  0.0000000E+00  0.1149194E-01 -0.6891892E-02
    61  0.0000000E+00  0.1149194E-01 -0.6689189E-02
    61  0.0000000E+00  0.1129032E-01 -0.6891892E-02
    61  0.0000000E+00  0.1129032E-01 -0.7094595E-02
    61  0.0000000E+00  0.1149194E-01 -0.7094595E-02
    61  0.0000000E+00  0.1149194E-01 -0.6891892E-02
    61  0.0000000E+00  0.1129032E-01 -0.7094595E-02
    61  0.0000000E+00  0.1129032E-01 -0.7297297E-02
    61  0.0000000E+00  0.1149194E-01 -0.7297297E-02
    61  0.0000000E+00  0.1149194E-01 -0.7094595E-02
    61  0.0000000E+00  0.1129032E-01 -0.7297297E-02
    61  0.0000000E+00  0.1129032E-01 -0.7500000E-02
    61  0.0000000E+00  0.1149194E-01 -0.7500000E-02
    61  0.0000000E+00  0.1149194E-01 -0.7297297E-02
    61  0.0000000E+00  0.1149194E-01 -0.4256757E-02
    61  0.0000000E+00  0.1149194E-01 -0.4459460E-02
    61  0.0000000E+00  0.1169355E-01 -0.4459460E-02
    61  0.0000000E+00  0.1169355E-01 -0.4256757E-02
    61  0.0000000E+00  0.1149194E-01 -0.4459460E-02
    61  0.0000000E+00  0.1149194E-01 -0.4662162E-02
    61  0.0000000E+00  0.1169355E-01 -0.4662162E-02
    61  0.0000000E+00  0.1169355E-01 -0.4459460E-02
    61  0.0000000E+00  0.1149194E-01 -0.4662162E-02
    61  0.0000000E+00  0.1149194E-01 -0.4864865E-02
    61  0.0000000E+00  0.1169355E-01 -0.4864865E-02
    61  0.0000000E+00  0.1169355E-01 -0.4662162E-02
    61  0.0000000E+00  0.1149194E-01 -0.4864865E-02
    61  0.0000000E+00  0.1149194E-01 -0.5067568E-02
    61  0.0000000E+00  0.1169355E-01 -0.5067568E-02
    61  0.0000000E+00  0.1169355E-01 -0.4864865E-02
    61  0.0000000E+00  0.1149194E-01 -0.5067568E-02
    61  0.0000000E+00  0.1149194E-01 -0.5270270E-02
    61  0.0000000E+00  0.1169355E-01 -0.5270270E-02
    61  0.0000000E+00  0.1169355E-01 -0.5067568E-02
    61  0.0000000E+00  0.1149194E-01 -0.5270270E-02
    61  0.0000000E+00  0.1149194E-01 -0.5472973E-02
    61  0.0000000E+00  0.1169355E-01 -0.5472973E-02
    61  0.0000000E+00  0.1169355E-01 -0.5270270E-02
    61  0.0000000E+00  0.1149194E-01 -0.5472973E-02
    61  0.0000000E+00  0.1149194E-01 -0.5675676E-02
    61  0.0000000E+00  0.1169355E-01 -0.5675676E-02
    61  0.0000000E+00  0.1169355E-01 -0.5472973E-02
    61  0.0000000E+00  0.1149194E-01 -0.5675676E-02
    61  0.0000000E+00  0.1149194E-01 -0.5878378E-02
    61  0.0000000E+00  0.1169355E-01 -0.5878378E-02
    61  0.0000000E+00  0.1169355E-01 -0.5675676E-02
    61  0.0000000E+00  0.1149194E-01 -0.5878378E-02
    61  0.0000000E+00  0.1149194E-01 -0.6081081E-02
    61  0.0000000E+00  0.1169355E-01 -0.6081081E-02
    61  0.0000000E+00  0.1169355E-01 -0.5878378E-02
    61  0.0000000E+00  0.1149194E-01 -0.6081081E-02
    61  0.0000000E+00  0.1149194E-01 -0.6283784E-02
    61  0.0000000E+00  0.1169355E-01 -0.6283784E-02
    61  0.0000000E+00  0.1169355E-01 -0.6081081E-02
    61  0.0000000E+00  0.1149194E-01 -0.6283784E-02
    61  0.0000000E+00  0.1149194E-01 -0.6486487E-02
    61  0.0000000E+00  0.1169355E-01 -0.6486487E-02
    61  0.0000000E+00  0.1169355E-01 -0.6283784E-02
    61  0.0000000E+00  0.1149194E-01 -0.6486487E-02
    61  0.0000000E+00  0.1149194E-01 -0.6689189E-02
    61  0.0000000E+00  0.1169355E-01 -0.6689189E-02
    61  0.0000000E+00  0.1169355E-01 -0.6486487E-02
    61  0.0000000E+00  0.1149194E-01 -0.6689189E-02
    61  0.0000000E+00  0.1149194E-01 -0.6891892E-02
    61  0.0000000E+00  0.1169355E-01 -0.6891892E-02
    61  0.0000000E+00  0.1169355E-01 -0.6689189E-02
    61  0.0000000E+00  0.1149194E-01 -0.6891892E-02
    61  0.0000000E+00  0.1149194E-01 -0.7094595E-02
    61  0.0000000E+00  0.1169355E-01 -0.7094595E-02
    61  0.0000000E+00  0.1169355E-01 -0.6891892E-02
    61  0.0000000E+00  0.1149194E-01 -0.7094595E-02
    61  0.0000000E+00  0.1149194E-01 -0.7297297E-02
    61  0.0000000E+00  0.1169355E-01 -0.7297297E-02
    61  0.0000000E+00  0.1169355E-01 -0.7094595E-02
    61  0.0000000E+00  0.1149194E-01 -0.7297297E-02
    61  0.0000000E+00  0.1149194E-01 -0.7500000E-02
    61  0.0000000E+00  0.1169355E-01 -0.7500000E-02
    61  0.0000000E+00  0.1169355E-01 -0.7297297E-02
    61  0.0000000E+00  0.1169355E-01 -0.4256757E-02
    61  0.0000000E+00  0.1169355E-01 -0.4459460E-02
    61  0.0000000E+00  0.1189516E-01 -0.4459460E-02
    61  0.0000000E+00  0.1189516E-01 -0.4256757E-02
    61  0.0000000E+00  0.1169355E-01 -0.4459460E-02
    61  0.0000000E+00  0.1169355E-01 -0.4662162E-02
    61  0.0000000E+00  0.1189516E-01 -0.4662162E-02
    61  0.0000000E+00  0.1189516E-01 -0.4459460E-02
    61  0.0000000E+00  0.1169355E-01 -0.4662162E-02
    61  0.0000000E+00  0.1169355E-01 -0.4864865E-02
    61  0.0000000E+00  0.1189516E-01 -0.4864865E-02
    61  0.0000000E+00  0.1189516E-01 -0.4662162E-02
    61  0.0000000E+00  0.1169355E-01 -0.4864865E-02
    61  0.0000000E+00  0.1169355E-01 -0.5067568E-02
    61  0.0000000E+00  0.1189516E-01 -0.5067568E-02
    61  0.0000000E+00  0.1189516E-01 -0.4864865E-02
    61  0.0000000E+00  0.1169355E-01 -0.5067568E-02
    61  0.0000000E+00  0.1169355E-01 -0.5270270E-02
    61  0.0000000E+00  0.1189516E-01 -0.5270270E-02
    61  0.0000000E+00  0.1189516E-01 -0.5067568E-02
    61  0.0000000E+00  0.1169355E-01 -0.5270270E-02
    61  0.0000000E+00  0.1169355E-01 -0.5472973E-02
    61  0.0000000E+00  0.1189516E-01 -0.5472973E-02
    61  0.0000000E+00  0.1189516E-01 -0.5270270E-02
    61  0.0000000E+00  0.1169355E-01 -0.5472973E-02
    61  0.0000000E+00  0.1169355E-01 -0.5675676E-02
    61  0.0000000E+00  0.1189516E-01 -0.5675676E-02
    61  0.0000000E+00  0.1189516E-01 -0.5472973E-02
    61  0.0000000E+00  0.1169355E-01 -0.5675676E-02
    61  0.0000000E+00  0.1169355E-01 -0.5878378E-02
    61  0.0000000E+00  0.1189516E-01 -0.5878378E-02
    61  0.0000000E+00  0.1189516E-01 -0.5675676E-02
    61  0.0000000E+00  0.1169355E-01 -0.5878378E-02
    61  0.0000000E+00  0.1169355E-01 -0.6081081E-02
    61  0.0000000E+00  0.1189516E-01 -0.6081081E-02
    61  0.0000000E+00  0.1189516E-01 -0.5878378E-02
    61  0.0000000E+00  0.1169355E-01 -0.6081081E-02
    61  0.0000000E+00  0.1169355E-01 -0.6283784E-02
    61  0.0000000E+00  0.1189516E-01 -0.6283784E-02
    61  0.0000000E+00  0.1189516E-01 -0.6081081E-02
    61  0.0000000E+00  0.1169355E-01 -0.6283784E-02
    61  0.0000000E+00  0.1169355E-01 -0.6486487E-02
    61  0.0000000E+00  0.1189516E-01 -0.6486487E-02
    61  0.0000000E+00  0.1189516E-01 -0.6283784E-02
    61  0.0000000E+00  0.1169355E-01 -0.6486487E-02
    61  0.0000000E+00  0.1169355E-01 -0.6689189E-02
    61  0.0000000E+00  0.1189516E-01 -0.6689189E-02
    61  0.0000000E+00  0.1189516E-01 -0.6486487E-02
    61  0.0000000E+00  0.1169355E-01 -0.6689189E-02
    61  0.0000000E+00  0.1169355E-01 -0.6891892E-02
    61  0.0000000E+00  0.1189516E-01 -0.6891892E-02
    61  0.0000000E+00  0.1189516E-01 -0.6689189E-02
    61  0.0000000E+00  0.1169355E-01 -0.6891892E-02
    61  0.0000000E+00  0.1169355E-01 -0.7094595E-02
    61  0.0000000E+00  0.1189516E-01 -0.7094595E-02
    61  0.0000000E+00  0.1189516E-01 -0.6891892E-02
    61  0.0000000E+00  0.1169355E-01 -0.7094595E-02
    61  0.0000000E+00  0.1169355E-01 -0.7297297E-02
    61  0.0000000E+00  0.1189516E-01 -0.7297297E-02
    61  0.0000000E+00  0.1189516E-01 -0.7094595E-02
    61  0.0000000E+00  0.1169355E-01 -0.7297297E-02
    61  0.0000000E+00  0.1169355E-01 -0.7500000E-02
    61  0.0000000E+00  0.1189516E-01 -0.7500000E-02
    61  0.0000000E+00  0.1189516E-01 -0.7297297E-02
    61  0.0000000E+00  0.1189516E-01 -0.4256757E-02
    61  0.0000000E+00  0.1189516E-01 -0.4459460E-02
    61  0.0000000E+00  0.1209677E-01 -0.4459460E-02
    61  0.0000000E+00  0.1209677E-01 -0.4256757E-02
    61  0.0000000E+00  0.1189516E-01 -0.4459460E-02
    61  0.0000000E+00  0.1189516E-01 -0.4662162E-02
    61  0.0000000E+00  0.1209677E-01 -0.4662162E-02
    61  0.0000000E+00  0.1209677E-01 -0.4459460E-02
    61  0.0000000E+00  0.1189516E-01 -0.4662162E-02
    61  0.0000000E+00  0.1189516E-01 -0.4864865E-02
    61  0.0000000E+00  0.1209677E-01 -0.4864865E-02
    61  0.0000000E+00  0.1209677E-01 -0.4662162E-02
    61  0.0000000E+00  0.1189516E-01 -0.4864865E-02
    61  0.0000000E+00  0.1189516E-01 -0.5067568E-02
    61  0.0000000E+00  0.1209677E-01 -0.5067568E-02
    61  0.0000000E+00  0.1209677E-01 -0.4864865E-02
    61  0.0000000E+00  0.1189516E-01 -0.5067568E-02
    61  0.0000000E+00  0.1189516E-01 -0.5270270E-02
    61  0.0000000E+00  0.1209677E-01 -0.5270270E-02
    61  0.0000000E+00  0.1209677E-01 -0.5067568E-02
    61  0.0000000E+00  0.1189516E-01 -0.5270270E-02
    61  0.0000000E+00  0.1189516E-01 -0.5472973E-02
    61  0.0000000E+00  0.1209677E-01 -0.5472973E-02
    61  0.0000000E+00  0.1209677E-01 -0.5270270E-02
    61  0.0000000E+00  0.1189516E-01 -0.5472973E-02
    61  0.0000000E+00  0.1189516E-01 -0.5675676E-02
    61  0.0000000E+00  0.1209677E-01 -0.5675676E-02
    61  0.0000000E+00  0.1209677E-01 -0.5472973E-02
    61  0.0000000E+00  0.1189516E-01 -0.5675676E-02
    61  0.0000000E+00  0.1189516E-01 -0.5878378E-02
    61  0.0000000E+00  0.1209677E-01 -0.5878378E-02
    61  0.0000000E+00  0.1209677E-01 -0.5675676E-02
    61  0.0000000E+00  0.1189516E-01 -0.5878378E-02
    61  0.0000000E+00  0.1189516E-01 -0.6081081E-02
    61  0.0000000E+00  0.1209677E-01 -0.6081081E-02
    61  0.0000000E+00  0.1209677E-01 -0.5878378E-02
    61  0.0000000E+00  0.1189516E-01 -0.6081081E-02
    61  0.0000000E+00  0.1189516E-01 -0.6283784E-02
    61  0.0000000E+00  0.1209677E-01 -0.6283784E-02
    61  0.0000000E+00  0.1209677E-01 -0.6081081E-02
    61  0.0000000E+00  0.1189516E-01 -0.6283784E-02
    61  0.0000000E+00  0.1189516E-01 -0.6486487E-02
    61  0.0000000E+00  0.1209677E-01 -0.6486487E-02
    61  0.0000000E+00  0.1209677E-01 -0.6283784E-02
    61  0.0000000E+00  0.1189516E-01 -0.6486487E-02
    61  0.0000000E+00  0.1189516E-01 -0.6689189E-02
    61  0.0000000E+00  0.1209677E-01 -0.6689189E-02
    61  0.0000000E+00  0.1209677E-01 -0.6486487E-02
    61  0.0000000E+00  0.1189516E-01 -0.6689189E-02
    61  0.0000000E+00  0.1189516E-01 -0.6891892E-02
    61  0.0000000E+00  0.1209677E-01 -0.6891892E-02
    61  0.0000000E+00  0.1209677E-01 -0.6689189E-02
    61  0.0000000E+00  0.1189516E-01 -0.6891892E-02
    61  0.0000000E+00  0.1189516E-01 -0.7094595E-02
    61  0.0000000E+00  0.1209677E-01 -0.7094595E-02
    61  0.0000000E+00  0.1209677E-01 -0.6891892E-02
    61  0.0000000E+00  0.1189516E-01 -0.7094595E-02
    61  0.0000000E+00  0.1189516E-01 -0.7297297E-02
    61  0.0000000E+00  0.1209677E-01 -0.7297297E-02
    61  0.0000000E+00  0.1209677E-01 -0.7094595E-02
    61  0.0000000E+00  0.1189516E-01 -0.7297297E-02
    61  0.0000000E+00  0.1189516E-01 -0.7500000E-02
    61  0.0000000E+00  0.1209677E-01 -0.7500000E-02
    61  0.0000000E+00  0.1209677E-01 -0.7297297E-02
    61  0.0000000E+00  0.1209677E-01 -0.4256757E-02
    61  0.0000000E+00  0.1209677E-01 -0.4459460E-02
    61  0.0000000E+00  0.1229839E-01 -0.4459460E-02
    61  0.0000000E+00  0.1229839E-01 -0.4256757E-02
    61  0.0000000E+00  0.1209677E-01 -0.4459460E-02
    61  0.0000000E+00  0.1209677E-01 -0.4662162E-02
    61  0.0000000E+00  0.1229839E-01 -0.4662162E-02
    61  0.0000000E+00  0.1229839E-01 -0.4459460E-02
    61  0.0000000E+00  0.1209677E-01 -0.4662162E-02
    61  0.0000000E+00  0.1209677E-01 -0.4864865E-02
    61  0.0000000E+00  0.1229839E-01 -0.4864865E-02
    61  0.0000000E+00  0.1229839E-01 -0.4662162E-02
    61  0.0000000E+00  0.1209677E-01 -0.4864865E-02
    61  0.0000000E+00  0.1209677E-01 -0.5067568E-02
    61  0.0000000E+00  0.1229839E-01 -0.5067568E-02
    61  0.0000000E+00  0.1229839E-01 -0.4864865E-02
    61  0.0000000E+00  0.1209677E-01 -0.5067568E-02
    61  0.0000000E+00  0.1209677E-01 -0.5270270E-02
    61  0.0000000E+00  0.1229839E-01 -0.5270270E-02
    61  0.0000000E+00  0.1229839E-01 -0.5067568E-02
    61  0.0000000E+00  0.1209677E-01 -0.5270270E-02
    61  0.0000000E+00  0.1209677E-01 -0.5472973E-02
    61  0.0000000E+00  0.1229839E-01 -0.5472973E-02
    61  0.0000000E+00  0.1229839E-01 -0.5270270E-02
    61  0.0000000E+00  0.1209677E-01 -0.5472973E-02
    61  0.0000000E+00  0.1209677E-01 -0.5675676E-02
    61  0.0000000E+00  0.1229839E-01 -0.5675676E-02
    61  0.0000000E+00  0.1229839E-01 -0.5472973E-02
    61  0.0000000E+00  0.1209677E-01 -0.5675676E-02
    61  0.0000000E+00  0.1209677E-01 -0.5878378E-02
    61  0.0000000E+00  0.1229839E-01 -0.5878378E-02
    61  0.0000000E+00  0.1229839E-01 -0.5675676E-02
    61  0.0000000E+00  0.1209677E-01 -0.5878378E-02
    61  0.0000000E+00  0.1209677E-01 -0.6081081E-02
    61  0.0000000E+00  0.1229839E-01 -0.6081081E-02
    61  0.0000000E+00  0.1229839E-01 -0.5878378E-02
    61  0.0000000E+00  0.1209677E-01 -0.6081081E-02
    61  0.0000000E+00  0.1209677E-01 -0.6283784E-02
    61  0.0000000E+00  0.1229839E-01 -0.6283784E-02
    61  0.0000000E+00  0.1229839E-01 -0.6081081E-02
    61  0.0000000E+00  0.1209677E-01 -0.6283784E-02
    61  0.0000000E+00  0.1209677E-01 -0.6486487E-02
    61  0.0000000E+00  0.1229839E-01 -0.6486487E-02
    61  0.0000000E+00  0.1229839E-01 -0.6283784E-02
    61  0.0000000E+00  0.1209677E-01 -0.6486487E-02
    61  0.0000000E+00  0.1209677E-01 -0.6689189E-02
    61  0.0000000E+00  0.1229839E-01 -0.6689189E-02
    61  0.0000000E+00  0.1229839E-01 -0.6486487E-02
    61  0.0000000E+00  0.1209677E-01 -0.6689189E-02
    61  0.0000000E+00  0.1209677E-01 -0.6891892E-02
    61  0.0000000E+00  0.1229839E-01 -0.6891892E-02
    61  0.0000000E+00  0.1229839E-01 -0.6689189E-02
    61  0.0000000E+00  0.1209677E-01 -0.6891892E-02
    61  0.0000000E+00  0.1209677E-01 -0.7094595E-02
    61  0.0000000E+00  0.1229839E-01 -0.7094595E-02
    61  0.0000000E+00  0.1229839E-01 -0.6891892E-02
    61  0.0000000E+00  0.1209677E-01 -0.7094595E-02
    61  0.0000000E+00  0.1209677E-01 -0.7297297E-02
    61  0.0000000E+00  0.1229839E-01 -0.7297297E-02
    61  0.0000000E+00  0.1229839E-01 -0.7094595E-02
    61  0.0000000E+00  0.1209677E-01 -0.7297297E-02
    61  0.0000000E+00  0.1209677E-01 -0.7500000E-02
    61  0.0000000E+00  0.1229839E-01 -0.7500000E-02
    61  0.0000000E+00  0.1229839E-01 -0.7297297E-02
    61  0.0000000E+00  0.1229839E-01 -0.4256757E-02
    61  0.0000000E+00  0.1229839E-01 -0.4459460E-02
    61  0.0000000E+00  0.1250000E-01 -0.4459460E-02
    61  0.0000000E+00  0.1250000E-01 -0.4256757E-02
    61  0.0000000E+00  0.1229839E-01 -0.4459460E-02
    61  0.0000000E+00  0.1229839E-01 -0.4662162E-02
    61  0.0000000E+00  0.1250000E-01 -0.4662162E-02
    61  0.0000000E+00  0.1250000E-01 -0.4459460E-02
    61  0.0000000E+00  0.1229839E-01 -0.4662162E-02
    61  0.0000000E+00  0.1229839E-01 -0.4864865E-02
    61  0.0000000E+00  0.1250000E-01 -0.4864865E-02
    61  0.0000000E+00  0.1250000E-01 -0.4662162E-02
    61  0.0000000E+00  0.1229839E-01 -0.4864865E-02
    61  0.0000000E+00  0.1229839E-01 -0.5067568E-02
    61  0.0000000E+00  0.1250000E-01 -0.5067568E-02
    61  0.0000000E+00  0.1250000E-01 -0.4864865E-02
    61  0.0000000E+00  0.1229839E-01 -0.5067568E-02
    61  0.0000000E+00  0.1229839E-01 -0.5270270E-02
    61  0.0000000E+00  0.1250000E-01 -0.5270270E-02
    61  0.0000000E+00  0.1250000E-01 -0.5067568E-02
    61  0.0000000E+00  0.1229839E-01 -0.5270270E-02
    61  0.0000000E+00  0.1229839E-01 -0.5472973E-02
    61  0.0000000E+00  0.1250000E-01 -0.5472973E-02
    61  0.0000000E+00  0.1250000E-01 -0.5270270E-02
    61  0.0000000E+00  0.1229839E-01 -0.5472973E-02
    61  0.0000000E+00  0.1229839E-01 -0.5675676E-02
    61  0.0000000E+00  0.1250000E-01 -0.5675676E-02
    61  0.0000000E+00  0.1250000E-01 -0.5472973E-02
    61  0.0000000E+00  0.1229839E-01 -0.5675676E-02
    61  0.0000000E+00  0.1229839E-01 -0.5878378E-02
    61  0.0000000E+00  0.1250000E-01 -0.5878378E-02
    61  0.0000000E+00  0.1250000E-01 -0.5675676E-02
    61  0.0000000E+00  0.1229839E-01 -0.5878378E-02
    61  0.0000000E+00  0.1229839E-01 -0.6081081E-02
    61  0.0000000E+00  0.1250000E-01 -0.6081081E-02
    61  0.0000000E+00  0.1250000E-01 -0.5878378E-02
    61  0.0000000E+00  0.1229839E-01 -0.6081081E-02
    61  0.0000000E+00  0.1229839E-01 -0.6283784E-02
    61  0.0000000E+00  0.1250000E-01 -0.6283784E-02
    61  0.0000000E+00  0.1250000E-01 -0.6081081E-02
    61  0.0000000E+00  0.1229839E-01 -0.6283784E-02
    61  0.0000000E+00  0.1229839E-01 -0.6486487E-02
    61  0.0000000E+00  0.1250000E-01 -0.6486487E-02
    61  0.0000000E+00  0.1250000E-01 -0.6283784E-02
    61  0.0000000E+00  0.1229839E-01 -0.6486487E-02
    61  0.0000000E+00  0.1229839E-01 -0.6689189E-02
    61  0.0000000E+00  0.1250000E-01 -0.6689189E-02
    61  0.0000000E+00  0.1250000E-01 -0.6486487E-02
    61  0.0000000E+00  0.1229839E-01 -0.6689189E-02
    61  0.0000000E+00  0.1229839E-01 -0.6891892E-02
    61  0.0000000E+00  0.1250000E-01 -0.6891892E-02
    61  0.0000000E+00  0.1250000E-01 -0.6689189E-02
    61  0.0000000E+00  0.1229839E-01 -0.6891892E-02
    61  0.0000000E+00  0.1229839E-01 -0.7094595E-02
    61  0.0000000E+00  0.1250000E-01 -0.7094595E-02
    61  0.0000000E+00  0.1250000E-01 -0.6891892E-02
    61  0.0000000E+00  0.1229839E-01 -0.7094595E-02
    61  0.0000000E+00  0.1229839E-01 -0.7297297E-02
    61  0.0000000E+00  0.1250000E-01 -0.7297297E-02
    61  0.0000000E+00  0.1250000E-01 -0.7094595E-02
    61  0.0000000E+00  0.1229839E-01 -0.7297297E-02
    61  0.0000000E+00  0.1229839E-01 -0.7500000E-02
    61  0.0000000E+00  0.1250000E-01 -0.7500000E-02
    61  0.0000000E+00  0.1250000E-01 -0.7297297E-02
